userid,checkin_time,lat,lon,speed,direction,acceleration
473,2019-05-28 14:04:14,22.668137,113.920165,0.0,186.19571743657744,1.5011315098016065
473,2019-05-28 14:04:15,22.66812,113.920163,1.5011315098016065,169.54368336573964,-0.7863487295865323
473,2019-05-28 14:04:16,22.66811,113.920165,0.7147827802150741,125.84720531980577,-0.3365286979923895
473,2019-05-28 14:04:17,22.668108,113.920168,0.3782540822226846,14.769587704765172,-0.0445067777612647
473,2019-05-28 14:04:18,22.668115,113.92017,0.3337473044614198,209.9729343993963,0.0493361802523371
473,2019-05-28 14:04:27,22.668083,113.92015,0.7777729267324544,192.60934462055812,3.719748813063492
473,2019-05-28 14:04:28,22.66805,113.920142,4.497521739795946,185.60649239188183,0.6854985804785239
473,2019-05-28 14:04:29,22.668003,113.920137,5.18302032027447,182.2974589798624,-0.2861418191941016
473,2019-05-28 14:04:30,22.667957,113.92013500000002,4.896878501080368,182.5159964588445,-0.503480584981709
473,2019-05-28 14:04:31,22.667915,113.920133,4.393397916098659,180.0,-0.8892551958466841
473,2019-05-28 14:04:32,22.667878,113.920133,3.5041427202519757,175.93989131426713,-1.502634040693331
473,2019-05-28 14:04:33,22.667852,113.92013500000002,2.0015086795586443,190.45633668235445,-1.918508116244226
473,2019-05-28 14:04:34,22.667842,113.920133,0.0830005633144184,186.7183947247324,0.0003398625244502
473,2019-05-28 14:05:50,22.667795,113.920127,0.1088301151726399,183.7709719906794,3.51082676795993
473,2019-05-28 14:05:51,22.667767,113.920125,3.61965688313257,182.8554704814825,1.2184105790257962
473,2019-05-28 14:05:52,22.66773,113.920123,4.838067462158366,175.77805776290268,1.1841849170278902
473,2019-05-28 14:05:53,22.66768,113.920127,6.0222523791862566,175.45181649792596,0.8354525341781711
473,2019-05-28 14:05:54,22.667622,113.920132,6.857704913364428,175.9398826462732,0.7764054205480972
473,2019-05-28 14:05:55,22.667557,113.920137,7.634110333912525,176.33347989841425,0.4438295429510495
473,2019-05-28 14:05:56,22.667485,113.920142,8.077939876863574,176.38357007640366,-0.005866963908673
473,2019-05-28 14:05:57,22.667412,113.920147,8.072072912954901,177.7981622787206,-0.2842023872258084
473,2019-05-28 14:05:58,22.66734,113.92015,7.787870525729093,178.44537691422877,-0.1694632363392161
473,2019-05-28 14:05:59,22.667272,113.920152,7.618407289389877,179.2338110790273,0.1667590811063029
473,2019-05-28 14:06:00,22.667203,113.920153,7.78516637049618,178.51103348193624,0.4458167436635865
473,2019-05-28 14:06:01,22.667132,113.920155,8.230983114159766,178.62700976394615,0.1086363839128381
473,2019-05-28 14:06:02,22.667055,113.920157,8.339619498072604,181.44819214177244,-0.1071975444104946
473,2019-05-28 14:06:03,22.666982,113.920155,8.23242195366211,182.11385242031747,0.3449439348054071
473,2019-05-28 14:06:04,22.666907,113.920152,8.577365888467517,184.67431502818496,0.7188842024084661
473,2019-05-28 14:06:05,22.666828,113.920145,9.296250090875985,181.2014231005505,0.7680676794855348
473,2019-05-28 14:06:06,22.66674,113.920143,10.064317770361518,180.56848027687803,0.6227163914719345
473,2019-05-28 14:06:07,22.666647,113.920142,10.687034161833452,184.79517652869572,0.2891910911501298
473,2019-05-28 14:06:08,22.666548,113.920133,10.976225252983582,182.6954829751316,0.3241599710110723
473,2019-05-28 14:06:09,22.66645,113.920128,11.300385223994654,183.0183770868861,0.3822937036936906
473,2019-05-28 14:06:10,22.666345,113.920122,11.682678927688343,181.0069545660788,0.5504843733218685
473,2019-05-28 14:06:11,22.66624,113.92012,12.233163301010212,180.9194098100694,0.5542532629250978
473,2019-05-28 14:06:12,22.666125,113.920118,12.787416563935311,179.08058941935894,0.1677066720511373
473,2019-05-28 14:06:13,22.66601,113.92012,12.955123235986449,182.2391429329556,0.5135405233852577
473,2019-05-28 14:06:14,22.665892000000003,113.920115,13.468663759371706,182.9819432690582,0.7179689657944888
473,2019-05-28 14:06:15,22.665768,113.920108,14.186632725166197,181.2106012750518,0.0486292903970113
473,2019-05-28 14:06:16,22.665637,113.920105,14.235262015563206,180.84587196073167,-0.9470721240084128
473,2019-05-28 14:06:17,22.665512,113.920103,13.288189891554794,180.0,-1.3319831761425611
473,2019-05-28 14:06:18,22.665398,113.920103,11.956206715412232,177.38444603816993,-2.1576130685475867
473,2019-05-28 14:06:19,22.665297,113.920108,9.798593646864646,176.47970633901355,-2.433951011990609
473,2019-05-28 14:06:20,22.665222,113.920113,7.364642634874037,173.5346556088598,-1.8366355018519105
473,2019-05-28 14:06:21,22.665165,113.92012,5.528007133022126,176.22895550363603,-0.1904798987174087
473,2019-05-28 14:06:22,22.665123,113.920123,5.3375272343047175,197.40071308571376,2.606940119990459
473,2019-05-28 14:06:23,22.66507,113.920105,7.944467354295177,187.850766348519,2.4339205028979825
473,2019-05-28 14:06:24,22.664983,113.920092,10.37838785719316,187.50971049560124,1.074842364419359
473,2019-05-28 14:06:25,22.664885,113.920078,11.453230221612518,183.9467268751046,1.246329482425086
473,2019-05-28 14:06:26,22.664778,113.92007,12.699559704037604,183.05576203034383,0.6501422805893355
473,2019-05-28 14:06:27,22.664657,113.92006299999998,13.34970198462694,180.44428699442557,0.2164671112193694
473,2019-05-28 14:06:28,22.664538,113.92006200000002,13.566169095846307,178.73129711236254,0.4002007208466551
473,2019-05-28 14:06:29,22.664413,113.920065,13.966369816692964,176.64692456176567,0.3984043571144884
473,2019-05-28 14:06:30,22.664287,113.920073,14.364774173807453,177.1984505049379,0.4886115141159237
473,2019-05-28 14:06:31,22.664155,113.92008,14.853385687923376,178.82524435157268,-0.2268432627132544
473,2019-05-28 14:06:32,22.66402,113.920083,14.626542425210122,178.3482245446436,-0.8379897313232529
473,2019-05-28 14:06:33,22.663892,113.920087,13.788552693886867,180.88112234133092,-0.5007589598408551
473,2019-05-28 14:06:34,22.663772,113.920085,13.287793734046014,179.11147368089405,-0.222389853107467
473,2019-05-28 14:06:35,22.663653,113.920087,13.065403880938549,180.91150239037228,-0.2729452659572828
473,2019-05-28 14:06:36,22.663537,113.920085,12.792458614981264,182.3176667880248,-0.5983608015230448
473,2019-05-28 14:06:37,22.663423,113.92008,12.19409781345822,184.02170090325333,-0.7592665004294457
473,2019-05-28 14:06:38,22.663318,113.920072,11.434831313028774,185.2722411179292,-0.8697947117961071
473,2019-05-28 14:06:39,22.663218,113.92006200000002,10.565036601232666,191.8446406012437,-0.8702114038965245
473,2019-05-28 14:06:40,22.66313,113.920042,9.694825197336142,190.7029078222137,0.1307697540262644
473,2019-05-28 14:06:41,22.663047,113.920025,9.825594951362406,195.63941681353697,1.3129661478955228
473,2019-05-28 14:06:42,22.662958,113.919998,11.13856109925793,197.40979595661096,1.577819831878399
473,2019-05-28 14:06:43,22.662855,113.919963,12.716380931136328,197.79507445914965,0.8108354491933376
473,2019-05-28 14:06:44,22.66274,113.919923,13.527216380329666,200.2599039123017,0.0537264044111296
473,2019-05-28 14:06:45,22.662625,113.919877,13.580942784740795,201.80872272224076,-0.1343679471022731
473,2019-05-28 14:06:46,22.662512,113.919828,13.446574837638522,204.96803293504885,-0.2278554909108354
473,2019-05-28 14:06:47,22.662403,113.919773,13.218719346727688,205.58543162826828,-0.1371573176855118
473,2019-05-28 14:06:48,22.662297,113.919718,13.081562029042177,208.02996057576885,0.0760364189066056
473,2019-05-28 14:06:49,22.662193,113.919658,13.15759844794878,212.8606546388733,0.273972455137633
473,2019-05-28 14:06:50,22.662093,113.919588,13.431570903086412,216.9907610248987,0.6131178267463095
473,2019-05-28 14:06:51,22.661995,113.919508,14.044688729832725,219.7101499086728,0.5989335967891058
473,2019-05-28 14:06:52,22.661895,113.919418,14.643622326621829,229.6568243574244,0.3714025999602715
473,2019-05-28 14:06:53,22.661808,113.919307,15.0150249265821,233.9261792355441,-0.1545303195362031
473,2019-05-28 14:06:54,22.661728,113.919188,14.860494607045895,237.3333531699741,-0.232807258712393
473,2019-05-28 14:06:55,22.661657,113.919068,14.627687348333504,241.932108410967,0.0786989328374279
473,2019-05-28 14:06:56,22.661595,113.918942,14.706386281170932,244.5855653232383,0.1078167778948042
473,2019-05-28 14:06:57,22.661538,113.91881200000002,14.814203059065736,245.69962366004708,0.0016569074307533
473,2019-05-28 14:06:58,22.661483,113.91868,14.81585996649649,246.48585599897683,-0.1271317750539253
473,2019-05-28 14:06:59,22.66143,113.918548,14.688728191442564,249.0457906120044,-0.3358274442296345
473,2019-05-28 14:07:00,22.661383,113.918415,14.35290074721293,251.1311413659239,-0.279025884553489
473,2019-05-28 14:07:01,22.661342,113.918285,14.07387486265944,254.4042979977454,-0.0135803300212433
473,2019-05-28 14:07:02,22.661308,113.918153,14.060294532638196,259.5396630316137,0.0516854108324622
473,2019-05-28 14:07:03,22.661285,113.918018,14.11197994347066,266.4053796410672,0.153592306602956
473,2019-05-28 14:07:04,22.661277,113.91788,14.265572250073616,271.330269545563,0.229833177555399
473,2019-05-28 14:07:05,22.66128,113.91774,14.495405427629017,275.6657058137,0.1181878012682116
473,2019-05-28 14:07:06,22.661293,113.917598,14.613593228897226,280.52391463944,-0.1612255435300831
473,2019-05-28 14:07:07,22.661317,113.917458,14.452367685367143,282.5771088158968,-0.1540701280934424
473,2019-05-28 14:07:08,22.661345,113.917322,14.2982975572737,284.40601088013733,-0.2991549616632287
473,2019-05-28 14:07:09,22.661377,113.917187,13.999142595610472,283.1378805755647,-0.6744152358671798
473,2019-05-28 14:07:10,22.661405,113.917057,13.324727359743292,280.8830510198782,-0.882106065818606
473,2019-05-28 14:07:11,22.661427,113.916933,12.442621293924686,278.57394417044713,-1.04862946053478
473,2019-05-28 14:07:12,22.661443,113.916818,11.393991833389906,277.05998217367767,-1.3278737236393052
473,2019-05-28 14:07:13,22.661455,113.916713,10.0661181097506,275.5020843107085,-1.5418125405348189
473,2019-05-28 14:07:14,22.661463,113.916623,8.524305569215782,278.2216792720997,-1.0673099179806878
473,2019-05-28 14:07:15,22.661473,113.916548,7.456995651235094,282.57710893974905,-0.5433993234528245
473,2019-05-28 14:07:16,22.661487,113.91648,6.91359632778227,275.71232487350903,-0.1392579775060909
473,2019-05-28 14:07:17,22.661493,113.916415,6.774338350276179,267.2220764572042,0.0255044031613493
473,2019-05-28 14:07:18,22.66149,113.916348,6.799842753437528,262.40309460480194,-0.3090811404464997
473,2019-05-28 14:07:19,22.661482,113.916283,6.490761612991029,259.76217356364765,-0.7491785802348048
473,2019-05-28 14:07:20,22.661472,113.916223,5.741583032756224,258.9625404600564,-0.897866413666339
473,2019-05-28 14:07:21,22.661463,113.916173,4.843716619089885,261.4015325398792,0.1011099410837141
473,2019-05-28 14:07:22,22.661457,113.91613,4.944826560173599,259.377212396301,1.1318364068613969
473,2019-05-28 14:07:23,22.661448,113.916078,6.076662967034996,262.4030969027355,1.0902407208963325
473,2019-05-28 14:07:24,22.66144,113.916013,7.166903687931328,259.89951655463017,0.7242780631999652
473,2019-05-28 14:07:25,22.661428,113.91594,7.891181751131294,258.2282648778624,0.8484208365305026
473,2019-05-28 14:07:26,22.661413,113.915862,8.739602587661796,258.97599470715693,1.0610270914546884
473,2019-05-28 14:07:27,22.661397,113.915773,9.800629679116485,257.52947922932685,1.186128039876598
473,2019-05-28 14:07:28,22.661377,113.915675,10.986757718993085,255.10483666308835,1.4240798289072316
473,2019-05-28 14:07:29,22.66135,113.915565,12.410837547900314,253.78885989118808,1.3652573794584557
473,2019-05-28 14:07:30,22.661317,113.915442,13.77609492735877,247.37402493423664,0.8286227624609399
473,2019-05-28 14:07:31,22.661267,113.915312,14.60471768981971,243.6357545500456,0.0474407274280714
473,2019-05-28 14:07:32,22.661208,113.915183,14.65215841724778,240.2017489391014,-0.3770602286761146
473,2019-05-28 14:07:33,22.661143,113.91506,14.275098188571668,237.3494080297919,-0.4373346405240568
473,2019-05-28 14:07:34,22.661075,113.914945,13.83776354804761,234.15421628279984,-0.3650917530295352
473,2019-05-28 14:07:35,22.661003,113.914837,13.472671795018076,233.5058116890607,-0.2396432983145278
473,2019-05-28 14:07:36,22.660932,113.914733,13.233028496703549,229.58746000229775,-0.0330082846049943
473,2019-05-28 14:07:37,22.660855,113.914635,13.200020212098552,227.61791983586045,0.2229272118838494
473,2019-05-28 14:07:38,22.660775,113.91454,13.422947423982402,227.45461680046185,0.5293991671293501
473,2019-05-28 14:07:39,22.660692,113.914442,13.952346591111752,225.42887912323653,0.4680340791943465
473,2019-05-28 14:07:40,22.660602,113.914343,14.420380670306098,223.58972842828064,0.4274754829399896
473,2019-05-28 14:07:41,22.660507,113.914245,14.847856153246088,220.12910370299295,0.2638669049328932
473,2019-05-28 14:07:42,22.660403,113.91415,15.11172305817898,218.6921286216748,0.166943937406554
473,2019-05-28 14:07:43,22.660297,113.914058,15.278666995585535,214.29688838042105,0.382954084923961
473,2019-05-28 14:07:44,22.660182,113.913973,15.661621080509496,211.17894430992465,0.1112166170433859
473,2019-05-28 14:07:45,22.66006,113.913893,15.772837697552882,209.36592253518813,-0.0048889174062196
473,2019-05-28 14:07:46,22.659937,113.913818,15.767948780146662,205.27362020044416,-0.0046344509154359
473,2019-05-28 14:07:47,22.659808,113.913752,15.763314329231228,202.7245960649469,-0.1560472136627257
473,2019-05-28 14:07:48,22.659678,113.913693,15.6072671155685,200.47315617505464,0.0858150782058952
473,2019-05-28 14:07:49,22.659547,113.91364,15.693082193774396,196.1532099976396,0.3265158910586958
473,2019-05-28 14:07:50,22.65941,113.913597,16.019598084833092,192.81412631857563,0.1728169185084631
473,2019-05-28 14:07:51,22.659268,113.913562,16.192415003341555,190.9567567678123,-0.169792833314716
473,2019-05-28 14:07:52,22.659125,113.913532,16.02262217002684,190.8217886820506,-0.1538838661148567
473,2019-05-28 14:07:53,22.658985,113.913503,15.868738303911982,191.54870056763613,-0.0565088897612575
473,2019-05-28 14:07:54,22.658845,113.913472,15.812229414150725,183.34732146594476,0.201155141352288
473,2019-05-28 14:07:55,22.658703,113.913463,16.013384555503013,178.18986555057245,-0.0794351384620313
473,2019-05-28 14:07:56,22.658557,113.913468,15.93394941704098,174.35332716409278,0.3465869526696323
473,2019-05-28 14:07:57,22.658417,113.913483,16.280536369710614,169.88419960386125,0.401851720187544
473,2019-05-28 14:07:58,22.658267,113.913512,16.682388089898158,167.00887836307834,-0.4624701632496304
473,2019-05-28 14:07:59,22.658123,113.913548,16.219917926648527,163.25241625061346,-0.4612014200100098
473,2019-05-28 14:08:00,22.657985,113.913593,15.758716506638518,158.67310368965343,-0.558685916303034
473,2019-05-28 14:08:01,22.657855,113.913648,15.200030590335484,150.40815400018562,-0.1257000973673836
473,2019-05-28 14:08:02,22.657738,113.91372,15.0743304929681,144.12200850588533,0.0079803320988371
473,2019-05-28 14:08:03,22.657627,113.913807,15.082310825066935,132.70986313953466,-0.1978158442497193
473,2019-05-28 14:08:04,22.657535,113.913915,14.884494980817218,125.49485870561796,-0.6900991564586718
473,2019-05-28 14:08:05,22.657458,113.914032,14.194395824358546,113.77346015155295,-0.6409264506174424
473,2019-05-28 14:08:06,22.657408,113.914155,13.553469373741104,102.41352580807376,-0.3422372343742026
473,2019-05-28 14:08:07,22.657382,113.914283,13.2112321393669,93.41805385789434,0.0846501532812045
473,2019-05-28 14:08:08,22.657375,113.91441,13.295882292648106,82.97993058906968,0.2652575941468136
473,2019-05-28 14:08:09,22.65739,113.914542,13.56113988679492,71.90212437913334,0.1861389054582343
473,2019-05-28 14:08:10,22.657428,113.914668,13.747278792253152,61.550481846842615,0.5440669358150956
473,2019-05-28 14:08:11,22.657488,113.914788,14.291345728068247,50.058831198853625,0.303663949655153
473,2019-05-28 14:08:12,22.657573,113.914898,14.595009677723402,42.10713007588595,0.2159690869339368
473,2019-05-28 14:08:13,22.65767,113.914993,14.81097876465734,34.687747932119066,0.3020345110256794
473,2019-05-28 14:08:14,22.657782,113.915077,15.113013275683018,29.721955330668152,0.0766284931606957
473,2019-05-28 14:08:15,22.6579,113.91515,15.189641768843714,31.600396399300053,0.0996511487047566
473,2019-05-28 14:08:16,22.658017,113.915228,15.28929291754847,33.34533814409048,-0.0686359091163151
473,2019-05-28 14:08:17,22.658132,113.91531,15.220657008432156,36.1244299600159,-0.1397759425280895
473,2019-05-28 14:08:18,22.658242,113.915397,15.080881065904066,40.40253353861039,0.1039337462112666
473,2019-05-28 14:08:19,22.658345,113.915492,15.184814812115333,43.54631232210323,0.3507801711914293
473,2019-05-28 14:08:20,22.658445,113.915595,15.535594983306762,49.56594626029949,0.2385726918296313
473,2019-05-28 14:08:21,22.658537,113.915712,15.774167675136392,54.26359856921937,0.0468538556543904
473,2019-05-28 14:08:22,22.65862000000001,113.915837,15.821021530790784,60.66890675800124,-0.2268901949197062
473,2019-05-28 14:08:23,22.65869,113.915972,15.594131335871078,65.57372887956473,-0.1495833733810645
473,2019-05-28 14:08:24,22.658747,113.916108,15.444547962490011,71.29194161415529,0.1831688313024031
473,2019-05-28 14:08:25,22.658792,113.916252,15.627716793792416,75.62631478121364,0.0576085464134017
473,2019-05-28 14:08:26,22.658827,113.9164,15.685325340205818,78.56450573083691,-0.0344788342439112
473,2019-05-28 14:08:27,22.658855,113.91655,15.650846505961908,80.5659925729883,0.1130069316779156
473,2019-05-28 14:08:28,22.658878,113.9167,15.763853437639822,80.35287629728799,0.2024190962609005
473,2019-05-28 14:08:29,22.658902,113.916853,15.966272533900725,80.80678887708103,-0.1609171189075446
473,2019-05-28 14:08:30,22.658925,113.917007,15.805355414993178,80.56598785325366,-0.294433195767823
473,2019-05-28 14:08:31,22.658948,113.917157,15.510922219225357,80.0333882487023,-0.151699108572954
473,2019-05-28 14:08:32,22.658972,113.917305,15.3592231106524,80.37702018600623,-0.0914891803251123
473,2019-05-28 14:08:33,22.658995,113.917452,15.267733930327289,79.48800190109324,-0.0496504874533645
473,2019-05-28 14:08:34,22.65902,113.917598,15.218083442873924,78.18107840763452,-0.1560737489323695
473,2019-05-28 14:08:35,22.659048,113.917743,15.062009693941556,77.52113068574954,-0.0640884005552706
473,2019-05-28 14:08:36,22.659077,113.917885,14.997921293386284,76.7800065076575,-0.1116662078027932
473,2019-05-28 14:08:37,22.659108,113.918028,14.88625508558349,75.99221874423063,-0.1227315506769493
473,2019-05-28 14:08:38,22.65914,113.918167,14.76352353490654,75.67128045796494,0.3257214377826898
473,2019-05-28 14:08:39,22.659173000000006,113.918307,15.089244972689231,75.74307912673055,0.2195251525705135
473,2019-05-28 14:08:40,22.659207,113.918452,15.308770125259745,73.93562038990024,-0.103621092172526
473,2019-05-28 14:08:41,22.659245,113.918595,15.20514903308722,74.2325236915537,0.0308649906007776
473,2019-05-28 14:08:42,22.659282,113.918737,15.236014023687996,73.13700808871022,0.0649065358926055
473,2019-05-28 14:08:43,22.659322,113.91888,15.300920559580602,73.93560763003211,-0.0804425765473251
473,2019-05-28 14:08:44,22.65936,113.919023,15.220477983033277,73.82836846519672,0.0469836309958946
473,2019-05-28 14:08:45,22.659398,113.919165,15.267461614029171,71.4390841862093,-0.1093367584010263
473,2019-05-28 14:08:46,22.659442,113.919307,15.158124855628143,71.34232336391455,-0.2846469438888732
473,2019-05-28 14:08:47,22.659485,113.919445,14.873477911739272,69.33002014951262,-0.1514607190687193
473,2019-05-28 14:08:48,22.659532,113.91958,14.722017192670553,67.6831917638637,-0.0748448329736071
473,2019-05-28 14:08:49,22.659582,113.919712,14.647172359696944,68.63997525198829,0.19808186996244
473,2019-05-28 14:08:50,22.65963,113.919845,14.845254229659384,69.20960635983494,0.3751209016567447
473,2019-05-28 14:08:51,22.659678,113.919982,15.22037513131613,68.84268948104227,0.3128578250799627
473,2019-05-28 14:08:52,22.659728,113.920122,15.533232956396091,67.46083321339887,0.0628506036511158
473,2019-05-28 14:08:53,22.659782,113.920263,15.596083560047209,67.69465552877813,-0.0896225667170504
473,2019-05-28 14:08:54,22.659835,113.920403,15.506460993330158,68.07528046784131,-0.0891706620010808
473,2019-05-28 14:08:55,22.659887,113.920543,15.417290331329076,68.31730836759027,-0.1268472005614356
473,2019-05-28 14:08:56,22.659938,113.920682,15.290443130767642,66.33498715522478,0.0378198502565627
473,2019-05-28 14:08:57,22.659993,113.920818,15.328262981024205,65.73118386457577,0.2081375624464492
473,2019-05-28 14:08:58,22.66005,113.920955,15.536400543470654,64.77239183072084,0.0260039569720422
473,2019-05-28 14:08:59,22.66011,113.921093,15.562404500442696,63.54151147738014,0.0773544036975941
473,2019-05-28 14:09:00,22.660172,113.921228,15.63975890414029,62.79040957084095,0.2128325228713361
473,2019-05-28 14:09:01,22.660237,113.921365,15.852591427011626,62.95948876914912,-0.065689552460828
473,2019-05-28 14:09:02,22.660302,113.921503,15.786901874550798,62.08597179793509,0.0586148920620139
473,2019-05-28 14:09:03,22.660368,113.921638,15.845516766612812,61.37507964329262,0.1963802778399763
473,2019-05-28 14:09:04,22.660437,113.921775,16.04189704445279,61.02704180147589,0.2424548834321278
473,2019-05-28 14:09:05,22.660507,113.921912,16.284351927884916,60.53142927778589,0.2708866462511956
473,2019-05-28 14:09:06,22.66058,113.922052,16.555238574136112,59.86355075861957,0.2444896840450887
473,2019-05-28 14:09:07,22.660655,113.922192,16.7997282581812,59.73612317476807,0.3056099303408182
473,2019-05-28 14:09:08,22.660732,113.922335,17.10533818852202,59.76068694572393,0.141713423761054
473,2019-05-28 14:09:09,22.66081,113.92248,17.247051612283073,58.14325815904209,0.1450021712632221
473,2019-05-28 14:09:10,22.660892,113.922623,17.392053783546295,58.18862999214383,0.3214332427820423
473,2019-05-28 14:09:11,22.660975,113.922768,17.713487026328337,57.32594711138461,0.296525510955945
473,2019-05-28 14:09:12,22.661062,113.922915,18.010012537284283,56.43711148795421,0.0371950151029309
473,2019-05-28 14:09:13,22.661152,113.92306200000002,18.047207552387214,55.78075746343501,-0.1915886005407827
473,2019-05-28 14:09:14,22.661243,113.923207,17.85561895184643,54.73702718340951,-0.145861579879746
473,2019-05-28 14:09:15,22.661335,113.923348,17.709757371966685,54.25135443720927,0.1389423444054536
473,2019-05-28 14:09:16,22.661428,113.923488,17.84869971637214,54.05843048891694,-0.0174341035561269
473,2019-05-28 14:09:17,22.66152300000001,113.92363,17.83126561281601,53.27705690591455,-0.0572144941407373
473,2019-05-28 14:09:18,22.661618,113.923768,17.774051118675274,52.902479861718575,-0.0553639846189781
473,2019-05-28 14:09:19,22.661715,113.923907,17.718687134056296,52.09448912550755,-0.01914585556516
473,2019-05-28 14:09:20,22.661812,113.924042,17.699541278491136,51.45170938675193,0.2881185705393569
473,2019-05-28 14:09:21,22.661912,113.924178,17.987659849030493,50.829355664657214,0.1361705631249385
473,2019-05-28 14:09:22,22.662015,113.924315,18.12383041215543,49.87405953379783,0.0953918753199438
473,2019-05-28 14:09:23,22.66212,113.92445,18.21922228747537,48.13118217865542,0.1835725839363071
473,2019-05-28 14:09:24,22.66223,113.924583,18.40279487141168,48.55583446630567,0.2641846307279678
473,2019-05-28 14:09:25,22.66234,113.924718,18.66697950213965,48.20870482663975,0.2999812740652459
473,2019-05-28 14:09:26,22.662453,113.924855,18.966960776204896,47.91610373892212,0.0744860633709798
473,2019-05-28 14:09:27,22.662568,113.924993,19.04144683957588,47.70873450685474,0.2635029840458784
473,2019-05-28 14:09:28,22.662683,113.92513,19.304949823621754,46.22795507858143,0.3836650764383158
473,2019-05-28 14:09:29,22.662805,113.925268,19.68861490006007,45.32401520334077,0.1977967465916812
473,2019-05-28 14:09:30,22.66293,113.925405,19.88641164665175,44.64457638308488,0.2057444865173145
473,2019-05-28 14:09:31,22.663058,113.925542,20.092156133169063,43.34262261110683,-0.1666152593374406
473,2019-05-28 14:09:32,22.66319,113.925677,19.925540873831626,42.70034470427919,-0.4767561827169331
473,2019-05-28 14:09:33,22.66332,113.925807,19.44878469111469,42.25091649583442,-0.040200559933865
473,2019-05-28 14:09:34,22.663448,113.925933,19.408584131180827,40.49462543695938,0.0427442254799537
473,2019-05-28 14:09:35,22.663582,113.926057,19.45132835666078,40.014247095472285,-0.3158715558547342
473,2019-05-28 14:09:36,22.663715,113.926178,19.135456800806047,39.28040691804796,-0.7233361328800783
473,2019-05-28 14:09:37,22.663847,113.926295,18.41212066792597,38.34239462849536,-0.7630219683595811
473,2019-05-28 14:09:38,22.663973,113.926403,17.649098699566387,37.73786730951872,-0.3769894472721553
473,2019-05-28 14:09:39,22.664097,113.926507,17.272109252294232,38.14984018582652,0.1889589689751432
473,2019-05-28 14:09:40,22.664218,113.92661,17.461068221269375,36.38247573226676,0.4617751995861674
473,2019-05-28 14:09:41,22.664347,113.926713,17.922843420855543,36.69789308518602,0.3045121764767025
473,2019-05-28 14:09:42,22.664477,113.926818,18.227355597332245,37.77031804374133,0.3324048770121592
473,2019-05-28 14:09:43,22.664608,113.926928,18.559760474344404,37.144000593965245,0.2390101893328982
473,2019-05-28 14:09:44,22.664742,113.92703799999998,18.798770663677303,37.43625357590128,0.358797902578555
473,2019-05-28 14:09:45,22.664877,113.92715,19.157568566255858,36.67910425423571,0.2672609388983886
473,2019-05-28 14:09:46,22.665017,113.92726299999998,19.424829505154246,36.240755773749925,-7.000553107872065e-06
473,2019-05-28 14:09:47,22.665158,113.927375,19.42482250460114,36.679048033555375,0.0473718545560863
473,2019-05-28 14:09:48,22.665298,113.92748799999998,19.472194359157225,37.16176353769709,0.1864468448803933
473,2019-05-28 14:09:49,22.665438,113.927603,19.658641204037615,38.109007509067965,0.3328615351357058
473,2019-05-28 14:09:50,22.665578,113.927722,19.991502739173324,37.559339504543686,0.2576824186380868
473,2019-05-28 14:09:51,22.665722,113.927842,20.24918515781141,38.43935239744678,0.0501926629183344
473,2019-05-28 14:09:52,22.665865,113.927965,20.299377820729745,39.93206429130936,-0.2574621856636767
473,2019-05-28 14:09:53,22.666005,113.928092,20.04191563506607,39.640675874399335,-0.0853252708091965
473,2019-05-28 14:09:54,22.666142,113.928215,19.956590364256872,40.33828177849279,0.2748074502887867
473,2019-05-28 14:09:55,22.66628,113.928342,20.23139781454566,40.99946076102651,0.0089499836966524
473,2019-05-28 14:09:56,22.666418,113.928472,20.24034779824231,41.84195620803894,-0.0976510604046652
473,2019-05-28 14:09:57,22.666553,113.928603,20.14269673783765,42.27050352506672,-0.1359585305927169
473,2019-05-28 14:09:58,22.666687,113.928735,20.00673820724493,43.35164292451509,-0.0921509495316676
473,2019-05-28 14:09:59,22.666817,113.928868,19.91458725771326,43.565896599534256,-0.3877446516675498
473,2019-05-28 14:10:00,22.666947,113.929002,19.52684260604571,44.28282566594481,-0.8004112779936712
473,2019-05-28 14:10:01,22.66707,113.929132,18.72643132805204,44.34807186898229,-0.4895585794964283
473,2019-05-28 14:10:02,22.667188,113.929257,18.23687274855561,44.129865800024106,-0.1191286128471027
473,2019-05-28 14:10:03,22.667305,113.92938,18.11774413570851,45.08572138364087,-0.0117012983206308
473,2019-05-28 14:10:04,22.66742,113.929505,18.10604283738788,46.04281234058561,-0.2674438449828713
473,2019-05-28 14:10:05,22.667533,113.929632,17.838598992405007,45.896904675001,-0.3791303891601529
473,2019-05-28 14:10:06,22.667643,113.929755,17.459468603244854,46.68820861297229,-0.0400419076638627
473,2019-05-28 14:10:07,22.66775,113.929878,17.41942669558099,47.14921765632482,0.2266345948987833
473,2019-05-28 14:10:08,22.667857,113.930003,17.646061290479775,48.534796600798586,0.3449687473615235
473,2019-05-28 14:10:09,22.667963,113.930133,17.9910300378413,49.12859917340893,0.1577266965075772
473,2019-05-28 14:10:10,22.66807,113.930267,18.14875673434888,49.87281351934291,-0.3004461778132423
473,2019-05-28 14:10:11,22.668175,113.930402,17.848310556535633,49.34941179317025,-0.4896743512024564
473,2019-05-28 14:10:12,22.668278,113.930532,17.358636205333177,50.030696774180285,-0.4824751968631489
473,2019-05-28 14:10:13,22.668377,113.93066,16.876161008470028,50.52427047743527,-0.3208427326013563
473,2019-05-28 14:10:14,22.668472,113.930785,16.55531827586867,52.16985927971552,0.2010729334412317
473,2019-05-28 14:10:15,22.668563,113.930912,16.756391209309903,51.622592944608016,0.4482200300480237
473,2019-05-28 14:10:16,22.668658,113.931042,17.204611239357927,51.677790672570495,0.3916488093621808
473,2019-05-28 14:10:17,22.668755,113.931175,17.596260048720108,52.70182425079804,0.4676740000822903
473,2019-05-28 14:10:18,22.668852,113.931313,18.0639340488024,52.649706102322114,0.3051189932800362
473,2019-05-28 14:10:19,22.668952,113.931455,18.369053042082435,52.84341871714184,0.1554148500679453
473,2019-05-28 14:10:20,22.669052,113.931598,18.52446789215038,55.07580713899165,0.131969164824234
473,2019-05-28 14:10:21,22.669148,113.931747,18.65643705697461,55.53591886819288,0.2004945608580826
473,2019-05-28 14:10:22,22.669243,113.931897,18.856931617832696,55.50832127429032,0.149974343594117
473,2019-05-28 14:10:23,22.66934,113.93205,19.006905961426813,56.96666187118501,-0.0064015627898008
473,2019-05-28 14:10:24,22.669433,113.932205,19.000504398637013,56.685987290006665,-0.1466978708441608
473,2019-05-28 14:10:25,22.669527,113.93236,18.85380652779285,57.19540705632414,0.0860646314633299
473,2019-05-28 14:10:26,22.669618,113.932513,18.93987115925618,57.02223725027824,0.3597921138696911
473,2019-05-28 14:10:27,22.669712,113.93267,19.299663273125876,58.949062201621246,0.0584038128541593
473,2019-05-28 14:10:28,22.669802,113.932832,19.358067085980032,58.79204813760816,-0.2464010377796306
473,2019-05-28 14:10:29,22.669892,113.932993,19.1116660482004,59.62252174285573,-0.3057414122570705
473,2019-05-28 14:10:30,22.669978,113.933152,18.80592463594333,58.85173544888329,0.0157856630640544
473,2019-05-28 14:10:31,22.670065,113.933308,18.821710299007385,60.06958319153927,0.1280114013660096
473,2019-05-28 14:10:32,22.67015,113.933468,18.949721700373395,61.2527832444294,-0.322992721054522
473,2019-05-28 14:10:33,22.670232,113.93363,18.626728979318877,61.70131970707456,-0.4481359761771628
473,2019-05-28 14:10:34,22.67031,113.933787,18.17859300314171,61.70328477099935,-0.0330976778450313
473,2019-05-28 14:10:35,22.670387,113.933942,18.14549532529668,62.777327306499785,-0.0111339120977618
473,2019-05-28 14:10:36,22.670462,113.9341,18.13436141319892,63.256378041824064,-0.0750777491522072
473,2019-05-28 14:10:37,22.670535,113.934257,18.05928366404671,63.71735976998082,-0.0277349885652924
473,2019-05-28 14:10:38,22.670607,113.934415,18.031548675481417,64.35266405141044,-0.2352531633479913
473,2019-05-28 14:10:39,22.670677,113.934573,17.796295512133426,64.57146170983583,-0.1177388223222344
473,2019-05-28 14:10:40,22.670745,113.934728,17.67855668981119,65.18010597448824,-0.0469288981192193
473,2019-05-28 14:10:41,22.670812,113.934885,17.631627791691972,65.22846079922357,-0.0463509132054369
473,2019-05-28 14:10:42,22.670878,113.93504,17.585276878486535,65.83512430205928,0.1631088395001292
473,2019-05-28 14:10:43,22.670943,113.935197,17.748385717986665,65.31838872837108,0.1402376064696504
473,2019-05-28 14:10:44,22.67101,113.935355,17.888623324456315,66.2376017463576,-0.0453370943720266
473,2019-05-28 14:10:45,22.671075,113.935515,17.84328623008429,65.97067681017063,-0.3020233626781916
473,2019-05-28 14:10:46,22.67114,113.935673,17.541262867406097,66.56346738806184,-0.1355258185717929
473,2019-05-28 14:10:47,22.671202,113.935828,17.405737048834304,67.16545016600196,0.2795613872753471
473,2019-05-28 14:10:48,22.671263,113.935985,17.68529843610965,66.56344752064865,0.464831799701578
473,2019-05-28 14:10:49,22.671327,113.936145,18.15013023581123,66.880988598243,0.493842362055009
473,2019-05-28 14:10:50,22.671392,113.93631,18.64397259786624,67.4922572619812,0.3315306335346477
473,2019-05-28 14:10:51,22.671457,113.93648,18.97550323140089,67.72825943703418,0.300776598548623
473,2019-05-28 14:10:52,22.671522,113.936652,19.27627982994951,67.163478738386,0.2063360872875961
473,2019-05-28 14:10:53,22.67159,113.936827,19.482615917237105,67.16346857730531,0.1318661606447762
473,2019-05-28 14:10:54,22.671658,113.937002,19.61448207788188,65.37948768296718,0.113522974442759
473,2019-05-28 14:10:55,22.671732,113.937177,19.72800505232464,65.67340196579391,0.3026006962183771
473,2019-05-28 14:10:56,22.671805,113.937352,20.030605748543017,65.1274622639728,0.4425911247239327
473,2019-05-28 14:10:57,22.671882,113.937532,20.47319687326695,65.76843200455494,0.3728907844930909
473,2019-05-28 14:10:58,22.671958,113.937715,20.84608765776004,65.39982646332464,0.232519410095108
473,2019-05-28 14:10:59,22.672037,113.937902,21.07860706785515,65.00846688985445,0.0468642566347092
473,2019-05-28 14:11:00,22.672117,113.938088,21.125471324489855,64.85319264429768,0.2117309326239116
473,2019-05-28 14:11:01,22.672198,113.938275,21.33720225711377,63.89548861164184,0.1892558893654339
473,2019-05-28 14:11:02,22.672283,113.93846299999998,21.526458146479204,64.01538024701239,-0.1381791006010964
473,2019-05-28 14:11:03,22.672368,113.938652,21.388279045878107,63.529495648473926,-0.3171601563602806
473,2019-05-28 14:11:04,22.672453,113.938837,21.071118889517827,62.48415429294374,-0.2224613288902368
473,2019-05-28 14:11:05,22.67254,113.939018,20.84865756062759,62.22246340838916,-0.1932374959025402
473,2019-05-28 14:11:06,22.672627,113.939197,20.65542006472505,60.86654475147043,-0.1618291563044138
473,2019-05-28 14:11:07,22.672717,113.939372,20.49359090842064,60.313998564629856,-0.034259822086728
473,2019-05-28 14:11:08,22.672808,113.939545,20.459331086333908,60.04381882105042,-0.077502394463039
473,2019-05-28 14:11:09,22.6729,113.939718,20.38182869187087,59.33727553278823,-0.0475001787288285
473,2019-05-28 14:11:10,22.672993,113.93988799999998,20.33432851314204,58.79975392012125,0.3482676236434159
473,2019-05-28 14:11:11,22.673088,113.940058,20.682596136785456,58.34121647189454,0.3933555783557239
473,2019-05-28 14:11:12,22.673187,113.940232,21.07595171514118,57.97476374382887,0.2643764673976996
473,2019-05-28 14:11:13,22.673288,113.940407,21.34032818253888,57.11493261620876,0.4439163023505088
473,2019-05-28 14:11:14,22.673393,113.940583,21.78424448488939,56.33653386633182,0.4482078524516595
473,2019-05-28 14:11:15,22.673503,113.940762,22.232452337341048,55.53506245827708,0.3901127505415189
473,2019-05-28 14:11:16,22.673617,113.940942,22.622565087882567,53.92564809007422,0.2597456834308644
473,2019-05-28 14:11:17,22.673738,113.941122,22.88231077131343,53.70090832541234,-0.2641045030606186
473,2019-05-28 14:11:18,22.67386,113.941302,22.618206268252813,53.99737194035913,-0.305516500046842
473,2019-05-28 14:11:19,22.673978,113.941478,22.31268976820597,53.61133615693632,0.1401275212539232
473,2019-05-28 14:11:20,22.674097,113.941653,22.45281728945989,53.46608255907682,0.2671296192163517
473,2019-05-28 14:11:21,22.674218,113.94183,22.71994690867625,51.8148424142766,0.037056153839142
473,2019-05-28 14:11:22,22.674345,113.942005,22.757003062515388,51.11303286569336,-0.450417683595596
473,2019-05-28 14:11:23,22.67447300000001,113.942177,22.30658537891979,48.81113864722079,-0.5100989040110306
473,2019-05-28 14:11:24,22.674603,113.942338,21.79648647490876,48.09562234175826,-0.1149576277418162
473,2019-05-28 14:11:25,22.674733,113.942495,21.681528847166945,48.27636313686395,-1.141624588640866e-05
473,2019-05-28 14:11:26,22.674863,113.942653,21.68151743092106,48.09556834627477,0.074281440747022
473,2019-05-28 14:11:27,22.674993,113.94281,21.75579887166808,47.84142330775728,-0.3001999352665052
473,2019-05-28 14:11:28,22.675125,113.942968,21.45559893640157,48.66242018584654,-0.9768892581848084
473,2019-05-28 14:11:29,22.67525,113.943122,20.478709678216767,48.78406431226921,-1.1322002995942988
473,2019-05-28 14:11:30,22.675368,113.943268,19.346509378622468,48.45892899578308,-1.1705394508673308
473,2019-05-28 14:11:31,22.67548,113.943405,18.175969927755137,48.36184948975944,-1.0949428883427466
473,2019-05-28 14:11:32,22.675585,113.943533,17.08102703941239,47.9133804771318,-0.905787427342034
473,2019-05-28 14:11:33,22.675685,113.943653,16.175239612070357,47.91336136903226,-0.5286296943933131
473,2019-05-28 14:11:34,22.67578,113.943767,15.646609917677043,47.1523600435392,-0.1507592520893759
473,2019-05-28 14:11:35,22.675875,113.943878,15.495850665587668,48.01527123546157,0.3027296261754291
473,2019-05-28 14:11:36,22.675968,113.94399,15.798580291763097,48.05979218057007,0.6035401212154827
473,2019-05-28 14:11:37,22.676065,113.944107,16.40212041297858,48.14969316541215,0.1878367837399359
473,2019-05-28 14:11:38,22.676165,113.944228,16.589957196718515,47.67466738095749,-0.3020841951892841
473,2019-05-28 14:11:39,22.676265,113.944347,16.28787300152923,47.81511685449806,-0.3767490994771361
473,2019-05-28 14:11:40,22.676362,113.94446299999998,15.911123902052095,47.91322067102243,-0.0005675155010642
473,2019-05-28 14:11:41,22.676457,113.944577,15.91055638655103,47.27536002525869,0.1506024407537882
473,2019-05-28 14:11:42,22.676555,113.944692,16.06115882730482,47.27533961393067,0.0754022275238277
473,2019-05-28 14:11:43,22.676653,113.944807,16.136561054828647,47.23264255648303,-0.0752722248850545
473,2019-05-28 14:11:44,22.676752,113.944923,16.061288829943592,47.8636129729,-0.1874426299628098
473,2019-05-28 14:11:45,22.676848,113.94503799999998,15.873846199980784,48.1619150619257,0.0372405044577295
473,2019-05-28 14:11:46,22.676943,113.945153,15.911086704438512,47.56803553331952,0.1880700299992792
473,2019-05-28 14:11:47,22.67704,113.945268,16.09915673443779,47.767261757612346,0.3782059683941057
473,2019-05-28 14:11:48,22.677138,113.94538500000002,16.477362702831897,48.38372472898124,0.454285688448202
473,2019-05-28 14:11:49,22.677238,113.945507,16.9316483912801,48.51140365728537,0.4183731476277188
473,2019-05-28 14:11:50,22.67734,113.945632,17.350021538907818,49.347519451450864,0.4146748463295466
473,2019-05-28 14:11:51,22.677443,113.94576200000002,17.764696385237364,48.48370862005368,0.1839164404877706
473,2019-05-28 14:11:52,22.67755,113.945893,17.948612825725135,48.00078268417741,0.2271953109993951
473,2019-05-28 14:11:53,22.677658,113.946023,18.17580813672453,48.81210430508895,0.3430282964778151
473,2019-05-28 14:11:54,22.677767000000006,113.946158,18.518836433202345,48.97028406643904,0.3081131527183345
473,2019-05-28 14:11:55,22.677877,113.946295,18.82694958592068,49.98460378797285,0.235028266519695
473,2019-05-28 14:11:56,22.677987,113.94643700000002,19.06197785244037,50.18246230306994,-0.1500399560459939
473,2019-05-28 14:11:57,22.678097,113.94658,18.91193789639438,50.10201930349536,-0.1105772766636903
473,2019-05-28 14:11:58,22.678205,113.94672,18.80136061973069,50.50141419519275,0.3393943443509997
473,2019-05-28 14:11:59,22.678313,113.946862,19.14075496408169,50.06598378217478,0.2963500497748939
473,2019-05-28 14:12:00,22.678425,113.947007,19.437105013856584,49.81508938642065,0.3036851437343593
473,2019-05-28 14:12:01,22.678538,113.947152,19.740790157590943,50.27641042043331,0.4576106515285403
473,2019-05-28 14:12:02,22.678653,113.947302,20.198400809119484,50.3484903390472,0.268530668068216
473,2019-05-28 14:12:03,22.67877,113.947455,20.4669314771877,50.71360610057519,0.0441369484990517
473,2019-05-28 14:12:04,22.678887,113.94761,20.51106842568675,50.95440614901122,0.0267026704157835
473,2019-05-28 14:12:05,22.679003,113.947765,20.53777109610253,49.63411678207251,0.0355537981766644
473,2019-05-28 14:12:06,22.679123,113.947918,20.5733248942792,50.71353380605996,-0.1218223008448156
473,2019-05-28 14:12:07,22.67924,113.948073,20.451502593434384,52.29026771167014,-0.1586544620319756
473,2019-05-28 14:12:08,22.679352,113.94823,20.29284813140241,52.78865681275431,0.0553273000876402
473,2019-05-28 14:12:09,22.679462,113.948387,20.34817543149005,53.30961029914079,0.2467969579954001
473,2019-05-28 14:12:10,22.679572,113.948547,20.59497238948545,53.818152181482105,0.2899777822275062
473,2019-05-28 14:12:11,22.679682,113.94871,20.884950171712955,54.477530907109326,0.1441417589702496
473,2019-05-28 14:12:12,22.67979200000001,113.948877,21.029091930683204,55.13377329172113,-0.0535662665724991
473,2019-05-28 14:12:13,22.6799,113.949045,20.975525664110705,55.38334068885558,0.0214628844022684
473,2019-05-28 14:12:14,22.680007,113.949213,20.996988548512974,55.94967473140747,0.1697485478085418
473,2019-05-28 14:12:15,22.680113,113.949383,21.16673709632152,56.01093026826146,0.1161338118750734
473,2019-05-28 14:12:16,22.68022,113.949555,21.28287090819659,56.010909541190586,-0.0807306388833843
473,2019-05-28 14:12:17,22.680327,113.949727,21.202140269313205,57.1668373382044,0.1541368599990171
473,2019-05-28 14:12:18,22.68043,113.9499,21.35627712931222,57.26141506170575,0.2160684915326776
473,2019-05-28 14:12:19,22.680535,113.950077,21.5723456208449,57.90608706332523,-0.0297647008093484
473,2019-05-28 14:12:20,22.680638,113.950255,21.54258092003555,57.51029346270048,-0.0886534818127096
473,2019-05-28 14:12:21,22.680742,113.950432,21.45392743822284,58.66338443732127,-0.0426320845281331
473,2019-05-28 14:12:22,22.680842,113.95061,21.411295353694708,59.45608702753651,0.2526196033223087
473,2019-05-28 14:12:23,22.68094,113.95078999999998,21.663914957017017,60.13856381517781,0.3387045515835396
473,2019-05-28 14:12:24,22.681038,113.950975,22.00261950860056,60.15339793200542,0.3223548452629359
473,2019-05-28 14:12:25,22.681137,113.951162,22.32497435386349,60.42749696228623,0.2504546829016583
473,2019-05-28 14:12:26,22.681237,113.951353,22.57542903676515,60.55573135555346,0.0893311983229736
473,2019-05-28 14:12:27,22.681337,113.951545,22.664760235088124,60.68295670460094,-0.0543578689784851
473,2019-05-28 14:12:28,22.681437,113.951738,22.61040236610964,61.04861155717248,-0.1340440532270363
473,2019-05-28 14:12:29,22.681535,113.95193,22.476358312882603,61.92063375004096,0.0566578253201086
473,2019-05-28 14:12:30,22.68163,113.952123,22.53301613820271,62.16521689609903,0.3694029124328395
473,2019-05-28 14:12:31,22.681725,113.952318,22.90241905063555,62.27113823254626,0.3182838694295924
473,2019-05-28 14:12:32,22.681822,113.952518,23.220702920065143,62.99117667182452,0.0861539486414137
473,2019-05-28 14:12:33,22.681917,113.95272,23.30685686870656,63.105472457725,0.0873774516790923
473,2019-05-28 14:12:34,22.682012,113.952923,23.39423432038565,63.81725690463742,0.2268513957308009
473,2019-05-28 14:12:35,22.682105,113.953128,23.62108571611645,64.25305487830542,-0.0262829301442195
473,2019-05-28 14:12:36,22.682198,113.953337,23.59480278597223,64.66165403957439,-0.3271511682535184
473,2019-05-28 14:12:37,22.682288,113.953543,23.267651617718712,64.69303147068689,-0.4436200670600989
473,2019-05-28 14:12:38,22.682377,113.953747,22.824031550658614,65.78230807140227,-0.3477910029740734
473,2019-05-28 14:12:39,22.68246,113.953947,22.47624054768454,66.04106576959708,0.0017687322360835
473,2019-05-28 14:12:40,22.682542,113.954147,22.478009279920624,66.40586128384643,0.2349416290353332
473,2019-05-28 14:12:41,22.682623,113.954348,22.71295090895596,66.56170526857909,0.2606857224058352
473,2019-05-28 14:12:42,22.682705,113.954553,22.973636631361792,67.27254706494699,0.098539549862
473,2019-05-28 14:12:43,22.682785,113.95476,23.072176181223792,67.37076540653652,0.1420577740364059
473,2019-05-28 14:12:44,22.682865,113.954968,23.2142339552602,67.56481910860913,0.1476089246200231
473,2019-05-28 14:12:45,22.682945,113.955178,23.36184287988022,68.25941824945136,0.1219354880282992
473,2019-05-28 14:12:46,22.683023,113.95539,23.48377836790852,68.10058755956254,0.1976000616459927
473,2019-05-28 14:12:47,22.683102,113.955603,23.681378429554517,69.21363786282711,0.0555030566608749
473,2019-05-28 14:12:48,22.683178,113.95582,23.73688148621539,68.78556064301978,0.0280585033479106
473,2019-05-28 14:12:49,22.683255,113.956035,23.7649399895633,69.55054678071383,-0.0011280541120051
473,2019-05-28 14:12:50,22.68333,113.956253,23.76381193545129,70.22069888302269,-0.1794613540115825
473,2019-05-28 14:12:51,22.683402,113.95647,23.58435058143971,71.24067555125333,-0.2846335673392133
473,2019-05-28 14:12:52,22.68347,113.95668700000002,23.299717014100494,71.17444200178886,-0.1855389369588387
473,2019-05-28 14:12:53,22.683537,113.9569,23.11417807714166,72.38067339015936,-0.0685818106330451
473,2019-05-28 14:12:54,22.6836,113.957115,23.04559626650861,72.2255949842056,-0.0168488586323043
473,2019-05-28 14:12:55,22.683663,113.957328,23.02874740787631,72.64340896524152,0.1140294433180422
473,2019-05-28 14:12:56,22.683725,113.957543,23.142776851194352,73.84422103241252,0.0486237366691888
473,2019-05-28 14:12:57,22.683783,113.95776,23.19140058786354,71.85743877039238,-0.0648500191856307
473,2019-05-28 14:12:58,22.683848,113.957975,23.12655056867791,73.17114723161569,0.0493886548196762
473,2019-05-28 14:12:59,22.683908,113.95819,23.175939223497583,73.6518261590254,0.196712707935923
473,2019-05-28 14:13:00,22.68396700000001,113.958408,23.37265193143351,73.46157485652213,-0.082523066339089
473,2019-05-28 14:13:01,22.684027,113.958627,23.29012886509442,73.24466177405827,-9.357726387548835e-06
473,2019-05-28 14:13:02,22.684087,113.958843,23.290119507368036,73.46156116933423,0.0668272983968663
473,2019-05-28 14:13:03,22.684147,113.95906200000002,23.3569468057649,73.9144415354358,-0.0984548296334573
473,2019-05-28 14:13:04,22.684205,113.95928,23.25849197613144,73.31755493487003,-9.057435327974872e-06
473,2019-05-28 14:13:05,22.684265,113.959497,23.258482918696117,73.91442840296622,0.230713117445763
473,2019-05-28 14:13:06,22.684323000000006,113.959715,23.48919603614188,73.93100759267338,0.2465490547014717
473,2019-05-28 14:13:07,22.684382,113.959937,23.73574509084335,74.25700778199132,0.0645925353820757
473,2019-05-28 14:13:08,22.68444,113.96016000000002,23.800337626225424,73.74237418243035,0.0801305318350706
473,2019-05-28 14:13:09,22.6845,113.960383,23.88046815806049,73.81113636856799,-0.1294545197083891
473,2019-05-28 14:13:10,22.68456,113.960607,23.751013638352106,74.12167202748344,-0.1741867448647873
473,2019-05-28 14:13:11,22.684618,113.960828,23.57682689348732,74.96944406972227,-0.1078529505884446
473,2019-05-28 14:13:12,22.684673,113.96105,23.468973942898877,75.10235109022688,-0.2550967461682987
473,2019-05-28 14:13:13,22.684727,113.96127,23.21387719673057,75.77189171449169,-0.2481579251088526
473,2019-05-28 14:13:14,22.684778,113.961488,22.96571927162172,74.77180203118354,-0.5160671651890496
473,2019-05-28 14:13:15,22.684832,113.961703,22.449652106432676,74.49027751729318,-0.6229538231477108
473,2019-05-28 14:13:16,22.684885,113.96191,21.82669828328496,74.48341206845726,-0.5388812292503431
473,2019-05-28 14:13:17,22.684937,113.962113,21.28781705403462,74.61901786045473,-0.5535325522361703
473,2019-05-28 14:13:18,22.684987,113.96231,20.73428450179845,74.91399799562987,-0.4251755622398789
473,2019-05-28 14:13:19,22.685035,113.962503,20.30910893955857,74.60970621929766,-0.6082398836651741
473,2019-05-28 14:13:20,22.685083,113.962692,19.7008690558934,74.28117251486918,-0.7062621047306159
473,2019-05-28 14:13:21,22.68513,113.962873,18.99460695116278,73.77017538731053,-0.8192751791624033
473,2019-05-28 14:13:22,22.685177,113.963048,18.175331772000376,73.53254266360204,-1.1430704210141125
473,2019-05-28 14:13:23,22.685222,113.96321299999998,17.032261350986264,74.27703430901192,-1.3358585062515331
473,2019-05-28 14:13:24,22.685262,113.963367,15.696402844734733,74.94163982528335,-1.0425397109714645
473,2019-05-28 14:13:25,22.685297,113.963508,14.653863133763268,75.16090089355657,-0.821252914660942
473,2019-05-28 14:13:26,22.68533,113.963643,13.832610219102325,74.03222011820867,-0.527744575354248
473,2019-05-28 14:13:27,22.685363,113.963768,13.304865643748077,73.44882731955516,0.1949362653573239
473,2019-05-28 14:13:28,22.685397,113.963892,13.4998019091054,73.04702329431899,0.5567532433223441
473,2019-05-28 14:13:29,22.685433,113.96402,14.056555152427745,74.30469569802665,0.6376255643580375
473,2019-05-28 14:13:30,22.685468,113.964155,14.694180716785782,73.19933243559808,0.5391505626426767
473,2019-05-28 14:13:31,22.685507,113.964295,15.23333127942846,74.1431000071766,0.4095745299872853
473,2019-05-28 14:13:32,22.685545,113.96444,15.642905809415744,73.67292528745628,0.3758229170229796
473,2019-05-28 14:13:33,22.685585,113.964588,16.018728726438724,74.08053527795875,0.2465472290783736
473,2019-05-28 14:13:34,22.685625,113.96474,16.265275955517097,74.17935491838341,0.0688290513853182
473,2019-05-28 14:13:35,22.685665,113.964893,16.334105006902416,75.02696912814622,0.4208757485410181
473,2019-05-28 14:13:36,22.685703,113.965047,16.754980755443434,73.04698092001576,0.3893666834548952
473,2019-05-28 14:13:37,22.685748,113.965207,17.14434743889833,73.40277017916276,-0.0628636103828519
473,2019-05-28 14:13:38,22.685792000000006,113.965367,17.081483828515477,74.4779979929308,-0.1035566669762104
473,2019-05-28 14:13:39,22.685833,113.965527,16.977927161539267,75.92914990835146,-0.1549381166973411
473,2019-05-28 14:13:40,22.68587,113.96568700000002,16.822989044841925,75.75823880659902,0.0136788366120548
473,2019-05-28 14:13:41,22.685907,113.965845,16.83666788145398,75.56454441265606,0.3330654520641047
473,2019-05-28 14:13:42,22.685945,113.966005,17.169733333518085,74.04341371916365,0.2875493352632929
473,2019-05-28 14:13:43,22.685988,113.966168,17.457282668781378,73.78604072216478,0.0985933118961348
473,2019-05-28 14:13:44,22.686032,113.966332,17.555875980677513,74.22713765578885,-0.0797058667048808
473,2019-05-28 14:13:45,22.686075,113.966497,17.476170113972632,74.39620619159405,-0.1928530556044094
473,2019-05-28 14:13:46,22.686117000000007,113.96666,17.283317058368223,75.01762858753386,-0.0145870948338959
473,2019-05-28 14:13:47,22.686157,113.966822,17.268729963534327,74.75022193438247,0.2074253777720329
473,2019-05-28 14:13:48,22.686198,113.966985,17.47615534130636,73.87916446684665,0.406208945303117
473,2019-05-28 14:13:49,22.686242,113.96715,17.882364286609477,73.99159997055153,0.2315028398541372
473,2019-05-28 14:13:50,22.686287,113.96732,18.113867126463614,74.66888267255786,-0.1286428763568956
473,2019-05-28 14:13:51,22.68633,113.96748999999998,17.985224250106718,74.49509847237175,0.084295084134446
473,2019-05-28 14:13:52,22.686373,113.967658,18.069519334241164,75.1757771083403,0.2334048237632409
473,2019-05-28 14:13:53,22.686415,113.96783,18.302924158004405,75.25771927106035,0.3696114428240342
473,2019-05-28 14:13:54,22.686457,113.968003,18.67253560082844,76.45778147969662,0.3962157641142454
473,2019-05-28 14:13:55,22.686497,113.968183,19.068751364942685,77.24868846474612,0.0750628149721208
473,2019-05-28 14:13:56,22.686535,113.968365,19.14381417991481,77.24868504192847,-0.0376519606755643
473,2019-05-28 14:13:57,22.686573000000006,113.968547,19.10616221923924,76.85477339478439,0.0380570793719421
473,2019-05-28 14:13:58,22.686612,113.968728,19.144219298611183,76.27873338483948,0.0496136259164394
473,2019-05-28 14:13:59,22.686653,113.96891,19.193832924527623,78.28866379079824,-0.024562293230403
473,2019-05-28 14:14:00,22.686688,113.969093,19.16927063129722,79.97832390139189,0.0409926370582205
473,2019-05-28 14:14:01,22.686718,113.969277,19.21026326835544,80.3573454692746,0.4191648993459544
473,2019-05-28 14:14:02,22.686747,113.969462,19.629428167701395,81.69277145898855,1.0140046581313449
473,2019-05-28 14:14:03,22.686773,113.969655,20.64343282583274,81.28287162405633,0.9040735528821636
473,2019-05-28 14:14:04,22.686802,113.96986,21.547506378714903,80.90975820585152,0.3808298135720278
473,2019-05-28 14:14:05,22.686833,113.97007,21.92833619228693,80.7085782068238,0.1431688967827149
473,2019-05-28 14:14:06,22.686865,113.970282,22.07150508906965,81.32038567603331,0.0090549669376756
473,2019-05-28 14:14:07,22.686895,113.970495,22.08056005600732,82.17701055028101,0.1652415727999354
473,2019-05-28 14:14:08,22.686922,113.970708,22.245801628807257,82.88233347637845,0.1894052772668217
473,2019-05-28 14:14:09,22.686947,113.970925,22.43520690607408,82.88233219353106,-0.1283906025309491
473,2019-05-28 14:14:10,22.686972,113.971142,22.30681630354313,83.95681003350052,-0.1487379808003233
473,2019-05-28 14:14:11,22.686993,113.971357,22.158078322742806,85.10163225161097,-0.377836836755776
473,2019-05-28 14:14:12,22.68701,113.971572,21.78024148598703,84.93762820905039,-0.5380250953277859
473,2019-05-28 14:14:13,22.687027,113.97178,21.242216390659244,86.67147159801834,-0.3409228102893458
473,2019-05-28 14:14:14,22.687038,113.971985,20.9012935803699,87.84896395287223,-0.0094684299829275
473,2019-05-28 14:14:15,22.687045,113.972187,20.89182515038697,87.88041235053555,0.3037708658712077
473,2019-05-28 14:14:16,22.687052,113.972392,21.19559601625818,88.50748950958791,0.1506247260054181
473,2019-05-28 14:14:17,22.687057,113.9726,21.3462207422636,88.50748945620421,-0.2077448014515184
473,2019-05-28 14:14:18,22.687062,113.972808,21.13847594081208,89.08679066201637,-0.4102730773145033
473,2019-05-28 14:14:19,22.687065,113.973012,20.72820286349757,88.44782073525806,-0.2051352149461713
473,2019-05-28 14:14:20,22.68707,113.97321200000002,20.523067648551404,89.06853116416505,-0.0011303157122632
473,2019-05-28 14:14:21,22.687073,113.973412,20.52193733283914,88.75813945255885,0.0536896372120416
473,2019-05-28 14:14:22,22.687077,113.97361200000002,20.575626970051182,88.45553874816125,-0.0012775217068465
473,2019-05-28 14:14:23,22.687082,113.973813,20.574349448344336,89.06853108378976,-0.3619663208698149
473,2019-05-28 14:14:24,22.687085,113.974013,20.21238312747452,89.3597745073771,-0.4616162635008614
473,2019-05-28 14:14:25,22.687087,113.974207,19.75076686397366,89.0246516818579,-0.253361081580536
473,2019-05-28 14:14:26,22.68709,113.974398,19.497405782393123,88.35753444331624,-0.3076927021749895
473,2019-05-28 14:14:27,22.687095000000006,113.974587,19.189713080218134,88.99302747059221,-0.3076903161054751
473,2019-05-28 14:14:28,22.687098,113.974772,18.88202276411266,88.3037163256185,-0.1472436329960267
473,2019-05-28 14:14:29,22.687103,113.974955,18.734779131116632,87.61285329474879,-0.0905029773899066
473,2019-05-28 14:14:30,22.68711,113.97513700000002,18.644276153726725,86.57307158677577,-0.086212892265916
473,2019-05-28 14:14:31,22.68712,113.975318,18.55806326146081,85.86709167750007,0.05491992625209
473,2019-05-28 14:14:32,22.687132,113.975498,18.6129831877129,86.25197190618064,0.1144838234358118
473,2019-05-28 14:14:33,22.687143,113.97568,18.72746701114871,84.89531155409219,-0.4138597987687227
473,2019-05-28 14:14:34,22.687158,113.975862,18.31360721237999,82.857899000207,-0.0417698477948853
473,2019-05-28 14:14:35,22.687178,113.976035,18.271837364585103,81.77677937374801,0.6101823807086681
473,2019-05-28 14:14:36,22.687202,113.976215,18.88201974529377,83.31683013118408,0.16720649808925
473,2019-05-28 14:14:37,22.687222,113.9764,19.04922624338302,81.2456527451588,0.2341430569171834
473,2019-05-28 14:14:38,22.687248,113.976583,19.283369300300205,82.16336951998113,0.3833079380789854
473,2019-05-28 14:14:39,22.687272,113.976772,19.66667723837919,82.5638764090445,0.3124331370941782
473,2019-05-28 14:14:40,22.687295,113.97696299999998,19.97911037547337,82.08896337321539,0.2703970499603159
473,2019-05-28 14:14:41,22.68732,113.977158,20.249507425433684,78.32047574744183,-0.1493900329835682
473,2019-05-28 14:14:42,22.687357,113.977352,20.10011739245012,78.70878746380862,-0.2445769998802269
473,2019-05-28 14:14:43,22.68739200000001,113.977542,19.85554039256989,79.338774068455,-0.146033629379783
473,2019-05-28 14:14:44,22.687425,113.977732,19.709506763190102,76.87918497408145,0.1837808203442357
473,2019-05-28 14:14:45,22.687465,113.977918,19.89328758353434,77.27565148353858,0.3374848917151674
473,2019-05-28 14:14:46,22.687505,113.97811000000002,20.23077247524951,76.35582044285547,0.3186208056254287
473,2019-05-28 14:14:47,22.687548,113.978302,20.549393280874938,74.83876231674844,0.4612446419460418
473,2019-05-28 14:14:48,22.687597,113.978498,21.01063792282098,74.47598465114726,0.0728653674200678
473,2019-05-28 14:14:49,22.687648,113.978697,21.083503290241048,72.42055650369247,-0.1448417397727119
473,2019-05-28 14:14:50,22.687705,113.978892,20.938661550468336,71.37850751159351,0.2030631051876028
473,2019-05-28 14:14:51,22.687765,113.979085,21.14172465565594,70.88271587011968,0.3704568644763064
473,2019-05-28 14:14:52,22.687828,113.979282,21.512181520132245,69.85873715194685,0.4222077528815866
473,2019-05-28 14:14:53,22.687895,113.97948,21.93438927301383,69.50680767003814,0.4053980653447944
473,2019-05-28 14:14:54,22.687965,113.979683,22.339787338358622,68.80088605420417,0.005012536551721
473,2019-05-28 14:14:55,22.688038,113.979887,22.344799874910347,67.98008795296994,0.0301552376974498
473,2019-05-28 14:14:56,22.688113,113.980088,22.3749551126078,67.02832618421394,0.1550037474063224
473,2019-05-28 14:14:57,22.688192,113.98029,22.52995886001412,66.76821167544881,0.2763114583826755
473,2019-05-28 14:14:58,22.688272,113.980492,22.806270318396795,66.40876027647647,0.3737099929038621
473,2019-05-28 14:14:59,22.688355,113.980698,23.179980311300657,66.9622338727504,0.2795298475353789
473,2019-05-28 14:15:00,22.688437,113.980907,23.45951015883604,66.41233365627386,0.066499513983782
473,2019-05-28 14:15:01,22.688522,113.981118,23.526009672819814,66.21156330559518,-0.0915173100225921
473,2019-05-28 14:15:02,22.688607,113.981327,23.434492362797226,66.81019056902755,0.1384752167251122
473,2019-05-28 14:15:03,22.68869,113.98153700000002,23.572967579522334,65.91977591693649,0.2549328833402455
473,2019-05-28 14:15:04,22.688777,113.981748,23.827900462862583,66.46312536314122,-1.2661332831953588e-05
473,2019-05-28 14:15:05,22.688863,113.981962,23.82788780152975,65.91974897469817,-0.164913182904133
473,2019-05-28 14:15:06,22.68895,113.982173,23.66297461862562,65.81818229057524,0.1179668721239508
473,2019-05-28 14:15:07,22.689037,113.982383,23.78094149074957,66.46308556342416,-0.301982348412551
473,2019-05-28 14:15:08,22.689123,113.982597,23.47895914233702,66.05268111391439,-0.8361231419582893
473,2019-05-28 14:15:09,22.689207,113.982802,22.64283600037873,67.0855201820716,-0.8057345105085076
473,2019-05-28 14:15:10,22.689285,113.983002,21.83710148987022,67.70802197511637,-0.6322033283726114
473,2019-05-28 14:15:11,22.689358,113.983195,21.20489816149761,66.61631745519543,-0.2393387619701847
473,2019-05-28 14:15:12,22.689433,113.983383,20.965559399527425,66.50478414468176,-0.3043734026877338
473,2019-05-28 14:15:13,22.689508,113.98357,20.66118599683969,66.21688543173508,-0.2767782649855235
473,2019-05-28 14:15:14,22.689582,113.983752,20.384407731854168,67.19207783257099,0.0550980543080008
473,2019-05-28 14:15:15,22.689653,113.983935,20.43950578616217,67.70052492726762,0.2160698688971933
473,2019-05-28 14:15:16,22.689723,113.98412,20.65557565505936,68.02223089538319,0.1901874466241793
473,2019-05-28 14:15:17,22.689793,113.984308,20.84576310168354,68.12750734058409,-0.2048126274097086
473,2019-05-28 14:15:18,22.689863,113.984497,20.640950474273836,68.56784450291946,-0.4479597553427545
473,2019-05-28 14:15:19,22.68993,113.984682,20.19299071893108,69.83579907444067,-0.5104401796549638
473,2019-05-28 14:15:20,22.689992,113.984865,19.682550539276114,70.5479316795903,-0.5282678418179678
473,2019-05-28 14:15:21,22.69005,113.985043,19.154282697458147,70.45171415454786,-0.4424908249917649
473,2019-05-28 14:15:22,22.690107,113.985217,18.71179187246638,70.6757468185242,-0.5456421845484911
473,2019-05-28 14:15:23,22.690162,113.98538700000002,18.16614968791789,71.47808499213079,-0.4467487080310732
473,2019-05-28 14:15:24,22.690213,113.985552,17.719400979886817,71.95272142170245,-0.0516297685375128
473,2019-05-28 14:15:25,22.690262,113.98571499999998,17.667771211349304,72.4992155659802,0.0809163428921131
473,2019-05-28 14:15:26,22.69031,113.98588,17.748687554241418,72.49920980919887,-0.1145510829698714
473,2019-05-28 14:15:27,22.690358,113.986045,17.634136471271546,72.6442373219873,-0.5545985172773058
473,2019-05-28 14:15:28,22.690405,113.986208,17.07953795399424,71.6958734419527,-2.0597941371157926
473,2019-05-28 14:15:29,22.690452,113.986362,15.019743816878448,73.1174886714723,-3.7036646587912503
473,2019-05-28 14:15:30,22.690487,113.986487,11.316079158087197,77.49942096002417,-2.3692878971601736
473,2019-05-28 14:15:31,22.690505,113.986575,8.946791260927023,76.61659271553464,-0.195926513784773
473,2019-05-28 14:15:32,22.690523,113.986657,8.75086474714225,73.97081289389962,0.3259663387585387
473,2019-05-28 14:15:33,22.690545,113.98674,9.076831085900787,76.16133300383649,0.6956952584430969
473,2019-05-28 14:15:34,22.690565,113.986828,9.772526344343886,76.18876894318697,0.5115966796729126
473,2019-05-28 14:15:35,22.690587,113.986925,10.284123024016798,76.92415856902767,0.424967476275496
473,2019-05-28 14:15:36,22.690608,113.987023,10.709090500292294,76.08531002254017,0.5746241123994107
473,2019-05-28 14:15:37,22.690632,113.987128,11.283714612691703,77.11736869839899,0.2750400072952228
473,2019-05-28 14:15:38,22.690655,113.987237,11.558754619986928,77.87565578892952,0.2505200151169031
473,2019-05-28 14:15:39,22.690677,113.987348,11.809274635103831,77.6647157038177,0.3287560669870615
473,2019-05-28 14:15:40,22.6907,113.987462,12.138030702090893,79.59020753963927,0.4745171336112044
473,2019-05-28 14:15:41,22.69072,113.98758,12.612547835702095,77.57597741750857,0.6592919590954764
473,2019-05-28 14:15:42,22.690745,113.987703,13.271839794797572,78.22577642837052,0.8259323976688151
473,2019-05-28 14:15:43,22.69077,113.987833,14.097772192466389,78.11054249964639,0.7538965351736095
473,2019-05-28 14:15:44,22.690797,113.987972,14.851668727639998,79.4147390020745,0.5838045171923358
473,2019-05-28 14:15:45,22.690822,113.988117,15.435473244832334,79.82638072071393,0.6881155625490472
473,2019-05-28 14:15:46,22.690847,113.988268,16.12358880738138,81.08912915689132,0.5899723238135977
473,2019-05-28 14:15:47,22.69087,113.988427,16.71356113119498,81.30441455931617,0.4225976275613767
473,2019-05-28 14:15:48,22.690893,113.98859,17.136158758756356,80.78350158986353,0.2449394188841651
473,2019-05-28 14:15:49,22.690918,113.988757,17.38109817764052,81.92145121381577,0.5745543318179429
473,2019-05-28 14:15:50,22.69094,113.988925,17.955652509458464,80.66343843552215,0.8365517955181296
473,2019-05-28 14:15:51,22.690967,113.989103,18.792204304976597,81.62233048761368,0.1040301109981491
473,2019-05-28 14:15:52,22.690992,113.989287,18.896234415974742,82.83231695241523,-0.2459828435305198
473,2019-05-28 14:15:53,22.691013,113.989468,18.650251572444223,83.47306965524098,0.0141967703523242
473,2019-05-28 14:15:54,22.691032,113.989648,18.664448342796547,84.89516745342138,0.0713999123376929
473,2019-05-28 14:15:55,22.691047,113.98983,18.73584825513424,85.57289426003138,0.0380304702613507
473,2019-05-28 14:15:56,22.69106,113.990012,18.77387872539559,85.93449758268343,-0.0079063945415747
473,2019-05-28 14:15:57,22.691072,113.990195,18.765972330854016,86.25186445002771,-0.1130354860364093
473,2019-05-28 14:15:58,22.691083,113.990377,18.652936844817606,86.9149731298109,-0.0092007589725362
473,2019-05-28 14:15:59,22.691092,113.990558,18.64373608584507,87.27224095230883,0.1996658384635097
473,2019-05-28 14:16:00,22.6911,113.99074,18.84340192430858,87.65145050956761,-0.1071069221752232
473,2019-05-28 14:16:01,22.691107,113.990925,18.73629500213336,87.93077692645733,-0.3628242983992464
473,2019-05-28 14:16:02,22.691113,113.991105,18.37347070373411,88.25604782130142,-0.1571904277649132
473,2019-05-28 14:16:03,22.691118,113.991283,18.2162802759692,88.59679658826155,-0.0560403814034309
473,2019-05-28 14:16:04,22.691122,113.99146,18.16023989456577,89.64910777438502,0.0491661377599896
473,2019-05-28 14:16:05,22.691123,113.991637,18.20940603232576,90.34885268976626,0.1546398366454759
473,2019-05-28 14:16:06,22.691122,113.991815,18.364045868971232,90.6899614419043,0.2057508496804239
473,2019-05-28 14:16:07,22.69112,113.991995,18.569796718651656,90.68237939292784,0.1532937452874669
473,2019-05-28 14:16:08,22.691118,113.992177,18.723090463939123,90.33931950738976,-0.0950317159850513
473,2019-05-28 14:16:09,22.691117,113.99236,18.62805874795407,93.10206326481602,-0.1217150330212639
473,2019-05-28 14:16:10,22.691108,113.99254,18.506343714932807,94.47602835052334,0.178381762385424
473,2019-05-28 14:16:11,22.691095,113.99272,18.68472547731823,95.07701503259426,0.3773049910464294
473,2019-05-28 14:16:12,22.69108,113.992903,19.06203046836466,95.6274916953787,0.2042924710021019
473,2019-05-28 14:16:13,22.691063,113.99309,19.266322939366763,94.96896271849069,0.0411542804985174
473,2019-05-28 14:16:14,22.691048,113.993277,19.30747721986528,94.94266242454012,0.0048845214576367
473,2019-05-28 14:16:15,22.691033,113.993465,19.31236174132292,95.29840118767116,-0.0809462113099463
473,2019-05-28 14:16:16,22.691017,113.993652,19.23141553001297,96.31804468366238,0.266591824289101
473,2019-05-28 14:16:17,22.690998,113.99383799999998,19.49800735430207,95.80216564002018,0.3304108295261336
473,2019-05-28 14:16:18,22.69098,113.99403,19.828418183828205,97.39794693360228,0.2161222683506807
473,2019-05-28 14:16:19,22.690957,113.994222,20.04454045217889,98.53508132611375,0.2432520243350779
473,2019-05-28 14:16:20,22.69093,113.994417,20.287792476513964,98.8018563232007,0.4992905401261041
473,2019-05-28 14:16:21,22.690902,113.994613,20.787083016640068,99.64926360390052,0.5012220079582725
473,2019-05-28 14:16:22,22.69087,113.994817,21.28830502459834,99.8973200747397,0.069669008649619
473,2019-05-28 14:16:23,22.690837,113.995022,21.35797403324796,100.19104125813016,0.0196789595248496
473,2019-05-28 14:16:24,22.690803,113.995227,21.37765299277281,100.48422185809396,0.5245818809319083
473,2019-05-28 14:16:25,22.690768,113.995432,21.90223487370472,100.2865491740842,0.4546314208833593
473,2019-05-28 14:16:26,22.690732,113.995647,22.35686629458808,101.50521893486518,-0.085200477737839
473,2019-05-28 14:16:27,22.690692,113.99586,22.27166581685024,102.1192369556864,-0.3160315199111672
473,2019-05-28 14:16:28,22.69065,113.996072,21.95563429693907,102.74845536503447,-0.5374526313614822
473,2019-05-28 14:16:29,22.690607,113.996278,21.41818166557759,104.29015418452047,-0.60015343294533
473,2019-05-28 14:16:30,22.69056,113.996478,20.81802823263226,105.76239031996704,-0.5789879239678548
473,2019-05-28 14:16:31,22.69051,113.99667,20.239040308664404,105.4687568081307,-0.2468771245107177
473,2019-05-28 14:16:32,22.690462,113.996858,19.99216318415369,106.1620952131293,0.0305968702327561
473,2019-05-28 14:16:33,22.690412,113.997045,20.02276005438644,106.08057548981378,0.0628945425614659
473,2019-05-28 14:16:34,22.690362,113.997233,20.085654596947908,107.37981591025016,-0.1962216334625068
473,2019-05-28 14:16:35,22.690308,113.99742,19.8894329634854,107.42772958125424,-0.1634596516318218
473,2019-05-28 14:16:36,22.690255,113.997603,19.72597331185358,107.3386986067154,-0.0299575015366038
473,2019-05-28 14:16:37,22.690202,113.99778700000002,19.696015810316972,108.84653437479663,-0.1059671645750341
473,2019-05-28 14:16:38,22.690145,113.997968,19.59004864574194,109.25186138510492,-0.3018196520339202
473,2019-05-28 14:16:39,22.690087,113.998148,19.28822899370802,110.17961075162977,-0.57831489831376
473,2019-05-28 14:16:40,22.690028,113.998322,18.70991409539426,110.5157699408021,-0.4122790955978956
473,2019-05-28 14:16:41,22.68997,113.99849,18.297634999796365,111.5113785265262,-0.103082777955521
473,2019-05-28 14:16:42,22.68991,113.998655,18.194552221840844,111.51136997005484,-0.0953972829593468
473,2019-05-28 14:16:43,22.68985,113.99882,18.099154938881497,111.75079537794232,0.014642710466866
473,2019-05-28 14:16:44,22.68979,113.998983,18.113797649348363,112.60537190488547,0.1797272009850381
473,2019-05-28 14:16:45,22.689727,113.999147,18.2935248503334,112.80262349021535,-0.0319236719622573
473,2019-05-28 14:16:46,22.689663,113.99931200000002,18.261601178371144,114.59777976964632,-0.2118441857502588
473,2019-05-28 14:16:47,22.689595,113.999473,18.049756992620885,113.76519093272536,-0.3490599140854513
473,2019-05-28 14:16:48,22.68953,113.999633,17.700697078535434,114.44326594040302,-0.2337973609631838
473,2019-05-28 14:16:49,22.689465,113.999788,17.46689971757225,114.44325569705364,0.3026209901215821
473,2019-05-28 14:16:50,22.6894,113.999943,17.769520707693832,115.5095464987994,0.3985096489052147
473,2019-05-28 14:16:51,22.68933,114.000102,18.168030356599047,116.00061870163506,0.3063039432014136
473,2019-05-28 14:16:52,22.689258,114.000262,18.47433429980046,116.5062344168677,0.1660909939374981
473,2019-05-28 14:16:53,22.689183,114.000425,18.64042529373796,116.64730134023068,0.024948417771597
473,2019-05-28 14:16:54,22.689108,114.000587,18.66537371150956,116.8105046595764,0.1010848660408605
473,2019-05-28 14:16:55,22.689032,114.00075,18.766458577550416,117.85903047229964,0.1422736833835323
473,2019-05-28 14:16:56,22.688953,114.000912,18.90873226093395,117.12961096908202,0.5778559140126163
473,2019-05-28 14:16:57,22.688875,114.001077,19.486588174946565,117.19159590202383,0.8288242801179102
473,2019-05-28 14:16:58,22.688793,114.00125,20.315412455064475,115.47447238190568,0.6260597044575142
473,2019-05-28 14:16:59,22.688713,114.001432,20.94147215952199,116.47314445546584,0.1583693609071375
473,2019-05-28 14:17:00,22.688628,114.001617,21.099841520429127,118.45490688287316,-0.4640191521381958
473,2019-05-28 14:17:01,22.688538,114.001797,20.63582236829093,120.6655088562792,-0.3116078155593413
473,2019-05-28 14:17:02,22.688445,114.001967,20.32421455273159,119.41710715600892,0.1411128218247164
473,2019-05-28 14:17:03,22.688355,114.00214,20.465327374556303,117.3651503070218,0.0163150146441601
473,2019-05-28 14:17:04,22.688270000000006,114.002318,20.481642389200463,115.84609328312403,-0.0787744229473936
473,2019-05-28 14:17:05,22.68819,114.002497,20.402867966253076,115.15837748282024,0.1405561980522911
473,2019-05-28 14:17:06,22.688112,114.002677,20.543424164305364,116.15265622963,0.2815543211494855
473,2019-05-28 14:17:07,22.68803,114.002858,20.82497848545485,115.78187738913071,0.1606019505935734
473,2019-05-28 14:17:08,22.687948,114.003042,20.985580436048423,115.38708539902814,-0.0941278871533519
473,2019-05-28 14:17:09,22.687867,114.003227,20.89145254889507,115.35262829293282,-0.0473906680299123
473,2019-05-28 14:17:10,22.687787,114.00341,20.84406188086516,114.8366185008245,0.279543854656012
473,2019-05-28 14:17:11,22.687708,114.003595,21.12360573552117,113.98694957059443,0.2824947243006335
473,2019-05-28 14:17:12,22.68763,114.003785,21.406100459821804,113.49340078755024,-0.0631730420723357
473,2019-05-28 14:17:13,22.687553,114.003977,21.34292741774947,112.50188972622232,-0.2857453931988516
473,2019-05-28 14:17:14,22.68748,114.004168,21.057182024550617,111.20174499488736,-0.1135127428209727
473,2019-05-28 14:17:15,22.687412,114.004358,20.943669281729644,110.14976120269216,0.2600792138866659
473,2019-05-28 14:17:16,22.687347,114.00455,21.20374849561631,109.39808746614231,0.3984205667720637
473,2019-05-28 14:17:17,22.687283,114.004747,21.602169062388374,108.76355899254486,0.3178470983015806
473,2019-05-28 14:17:18,22.68722,114.004948,21.920016160689958,107.6004820666812,0.2086271194934035
473,2019-05-28 14:17:19,22.68716,114.005153,22.12864328018336,106.8930469301157,-0.0488658525079515
473,2019-05-28 14:17:20,22.687102,114.00536,22.07977742767541,106.77103463479524,-0.029601818033992
473,2019-05-28 14:17:21,22.687045,114.005565,22.05017560964141,105.43887356011705,0.12240702393564
473,2019-05-28 14:17:22,22.686992,114.005773,22.17258263357705,105.0918707280083,0.0277517150061967
473,2019-05-28 14:17:23,22.68694,114.005982,22.20033434858325,103.91426776324067,0.0055122055709446
473,2019-05-28 14:17:24,22.686892,114.006192,22.2058465541542,103.01558404452528,0.0009040821965022
473,2019-05-28 14:17:25,22.686847,114.006403,22.206750636350694,101.55771331939552,-0.1620025699088678
473,2019-05-28 14:17:26,22.686807,114.006615,22.04474806644183,100.23964728236224,-0.3325027312922195
473,2019-05-28 14:17:27,22.686772,114.006825,21.71224533514961,99.51171030725868,-0.3253462089634027
473,2019-05-28 14:17:28,22.68674,114.007032,21.386899126186208,98.12418338204066,-0.4269577152557673
473,2019-05-28 14:17:29,22.686713,114.00723700000002,20.95994141093044,97.1048934790698,-0.4933266737844093
473,2019-05-28 14:17:30,22.68669,114.007437,20.46661473714603,96.93635566493276,-0.2744953516163662
473,2019-05-28 14:17:31,22.686668,114.007633,20.192119385529665,96.3432144424757,-0.2455098368809487
473,2019-05-28 14:17:32,22.686648,114.007828,19.94660954864872,94.84002848456868,-0.1449010689753045
473,2019-05-28 14:17:33,22.686633,114.00802,19.80170847967341,93.53488443867104,0.3823597188010303
473,2019-05-28 14:17:34,22.686622,114.00821299999998,20.18406819847444,92.17244128524766,0.3101940527478888
473,2019-05-28 14:17:35,22.686615,114.008413,20.49426225122233,93.7394035885722,-0.1921129872012699
473,2019-05-28 14:17:36,22.686603,114.008612,20.30214926402106,93.48091122352542,-0.2146929522097025
473,2019-05-28 14:17:37,22.686592,114.008808,20.08745631181136,92.86375681784916,0.0377837664247877
473,2019-05-28 14:17:38,22.686583,114.009003,20.125240078236143,91.89066423209869,0.0945570786533132
473,2019-05-28 14:17:39,22.686577,114.0092,20.21979715688946,91.5757218728212,-0.3107360551881122
473,2019-05-28 14:17:40,22.686572,114.009397,19.909061101701347,91.30027588787584,-0.4146728931339254
473,2019-05-28 14:17:41,22.686568,114.009588,19.494388208567425,90.32853451794443,-0.3096761216982671
473,2019-05-28 14:17:42,22.686567,114.009777,19.184712086869155,89.99996432357341,-0.4104469439869405
473,2019-05-28 14:17:43,22.686567,114.00996200000002,18.77426514288221,89.9999650956164,-0.5129580647404097
473,2019-05-28 14:17:44,22.686567,114.010143,18.261307078141805,89.99996625213691,-0.3077748376695837
473,2019-05-28 14:17:45,22.686567,114.010318,17.95353224047222,89.99996625213691,0.2565638381267625
473,2019-05-28 14:17:46,22.686567,114.010493,18.210096078598983,89.6549661611383,0.2564778526505016
473,2019-05-28 14:17:47,22.686568,114.010673,18.466573931249485,89.99996528795322,0.0002508784476269
473,2019-05-28 14:17:48,22.686568,114.010853,18.466824809697112,89.30999204220836,-0.2568136703686683
473,2019-05-28 14:17:49,22.68657,114.011033,18.210011139328444,90.70965103106296,-0.0509554900857516
473,2019-05-28 14:17:50,22.686568,114.011208,18.15905564924269,89.99996548133578,0.3075182826593874
473,2019-05-28 14:17:51,22.686568,114.011387,18.46657393190208,90.34305819561484,0.0512955732738049
473,2019-05-28 14:17:52,22.686567,114.011568,18.517869505175884,89.99996528795344,0.0512955765124445
473,2019-05-28 14:17:53,22.686567,114.011748,18.56916508168833,89.65875688440025,0.1538867338543035
473,2019-05-28 14:17:54,22.686568,114.01193,18.723051815542632,89.99996470969313,0.4103646795845961
473,2019-05-28 14:17:55,22.686568,114.012113,19.13341649512723,90.32680504187748,0.5648793921102673
473,2019-05-28 14:17:56,22.686567,114.012303,19.698295887237496,90.64014824062394,0.3083049622686076
473,2019-05-28 14:17:57,22.686565,114.012497,20.006600849506103,90.63361587487508,0.2571502126201075
473,2019-05-28 14:17:58,22.686563,114.012693,20.26375106212621,90.93606812920244,0.2572840602866684
473,2019-05-28 14:17:59,22.68656,114.012892,20.52103512241288,90.92675486358382,0.3124839436891449
473,2019-05-28 14:18:00,22.686557,114.013093,20.833519066102024,92.11950093757132,0.2051113399495641
473,2019-05-28 14:18:01,22.68655,114.013298,21.03863040605159,90.90867331007364,-0.1564966659240561
473,2019-05-28 14:18:02,22.686547,114.013503,20.88213374012753,91.53673555722536,-0.5101068963707469
473,2019-05-28 14:18:03,22.686542000000006,114.013705,20.372026843756785,91.59187522021966,-0.714403590630905
473,2019-05-28 14:18:04,22.686537,114.0139,19.65762325312588,92.31096525072012,-0.5597098144216694
473,2019-05-28 14:18:05,22.68653,114.014088,19.09791343870421,92.3611488061636,-0.6685348320939184
473,2019-05-28 14:18:06,22.686523,114.014272,18.42937860661029,92.12814944887477,-0.7126796995264115
473,2019-05-28 14:18:07,22.686517,114.014447,17.71669890708388,93.28404319022036,-0.4454687106831549
473,2019-05-28 14:18:08,22.686508,114.014617,17.271230196400726,94.1080116404196,-0.4057357818095077
473,2019-05-28 14:18:09,22.686497,114.014783,16.86549441459122,93.8276321950733,-0.2944255381755951
473,2019-05-28 14:18:10,22.686487,114.014945,16.571068876415623,95.41756408128282,-0.1900655406303926
473,2019-05-28 14:18:11,22.686473,114.015105,16.38100333578523,95.09602753425742,0.209456917635407
473,2019-05-28 14:18:12,22.68646,114.015263,16.590460253420638,95.6613984883798,0.5324413552584168
473,2019-05-28 14:18:13,22.68644500000001,114.015427,17.122901608679054,96.25893411527944,0.42591080812414
473,2019-05-28 14:18:14,22.686428,114.015595,17.548812416803194,96.47120134575732,0.2739239293897242
473,2019-05-28 14:18:15,22.68641,114.015767,17.82273634619292,97.14199466633109,-0.1018619210160167
473,2019-05-28 14:18:16,22.68639,114.01594,17.720874425176902,96.54667498453593,-0.5091890370522805
473,2019-05-28 14:18:17,22.686372,114.01611,17.21168538812462,97.57521194016924,-0.4945299820420707
473,2019-05-28 14:18:18,22.686352,114.016273,16.71715540608255,97.71555176940204,-0.2033349286663366
473,2019-05-28 14:18:19,22.686332,114.016433,16.513820477416214,97.76348655846108,-0.0862122940680727
473,2019-05-28 14:18:20,22.686312,114.016592,16.42760818334814,98.5821065223658,0.2681841058648402
473,2019-05-28 14:18:21,22.68629,114.01675,16.69579228921298,95.62730056069518,0.2290074340995502
473,2019-05-28 14:18:22,22.686275,114.016915,16.924799723312532,96.82521925638788,-0.0669374672147959
473,2019-05-28 14:18:23,22.686257,114.017078,16.857862256097736,100.23961661134229,0.1329655828801001
473,2019-05-28 14:18:24,22.68623,114.01724,16.990827838977836,102.0123124616257,0.1447484709988344
473,2019-05-28 14:18:25,22.686198,114.017403,17.13557630997667,101.57824143637345,0.4359800684451329
473,2019-05-28 14:18:26,22.686167,114.017567,17.571556378421803,102.50801185126448,0.9151028550448964
473,2019-05-28 14:18:27,22.686132,114.017738,18.4866592334667,100.78934610642972,0.6033335923705181
473,2019-05-28 14:18:28,22.6861,114.01792,19.089992825837214,101.7112167756162,0.1337066872297967
473,2019-05-28 14:18:29,22.686065,114.018103,19.22369951306701,101.64930977097174,-0.1506712759000663
473,2019-05-28 14:18:30,22.68603,114.01828700000002,19.073028237166948,101.90087676182604,-0.6284981152640654
473,2019-05-28 14:18:31,22.685995,114.018467,18.444530121902883,103.19836398245116,-0.6503610121307837
473,2019-05-28 14:18:32,22.685958,114.018638,17.7941691097721,102.79783119943863,-0.3123835429736736
473,2019-05-28 14:18:33,22.68592300000001,114.018805,17.481785566798425,103.30470965240583,0.101387576934016
473,2019-05-28 14:18:34,22.685887,114.01897,17.58317314373244,104.12294584517656,0.3025813207328056
473,2019-05-28 14:18:35,22.685848,114.01913799999998,17.885754464465247,104.30683517013496,0.1855539579815364
473,2019-05-28 14:18:36,22.685808,114.019308,18.071308422446783,103.46622740464863,-0.0263559082648079
473,2019-05-28 14:18:37,22.68577,114.01948,18.044952514181976,103.6187829202796,-0.2124929758497664
473,2019-05-28 14:18:38,22.685732,114.01965,17.83245953833221,103.4255631495019,0.086922166542454
473,2019-05-28 14:18:39,22.68569500000001,114.019818,17.919381704874663,103.12426467712874,0.4877182405401292
473,2019-05-28 14:18:40,22.685658,114.01999,18.407099945414792,103.76293755872024,0.1888948380664672
473,2019-05-28 14:18:41,22.685618,114.020167,18.59599478348126,103.91414591526046,-0.0363860617961258
473,2019-05-28 14:18:42,22.685578,114.020342,18.559608721685134,104.17030865947116,0.0272991289828254
473,2019-05-28 14:18:43,22.685537,114.020518,18.58690785066796,104.5808564555332,-0.0854017369723934
473,2019-05-28 14:18:44,22.685495,114.020693,18.50150611369557,104.66104989903488,-0.0277495294577185
473,2019-05-28 14:18:45,22.685453,114.020867,18.473756584237847,103.91412981340858,0.0858731644591017
473,2019-05-28 14:18:46,22.685413,114.021042,18.55962974869695,104.17029229169724,0.0272990968926301
473,2019-05-28 14:18:47,22.685372,114.021218,18.58692884558958,104.58083965142146,-0.0634426385261797
473,2019-05-28 14:18:48,22.68533,114.021393,18.5234862070634,103.91411781564705,5.331985818202156e-06
473,2019-05-28 14:18:49,22.68529,114.021568,18.523491539049218,104.58083129823008,-0.049709007954263
473,2019-05-28 14:18:50,22.685248,114.021743,18.473782531094955,103.99094363990208,-0.2125540033144979
473,2019-05-28 14:18:51,22.685208,114.021917,18.261228527780457,104.56721724394764,-0.3616566152420652
473,2019-05-28 14:18:52,22.685167,114.02208799999998,17.89957191253839,104.20403005778807,-0.3119204338256054
473,2019-05-28 14:18:53,22.685128,114.022255,17.587651478712786,104.72173067458895,-0.1131991220160273
473,2019-05-28 14:18:54,22.685088,114.02242,17.47445235669676,104.01536606843403,0.1491211738808076
473,2019-05-28 14:18:55,22.68505,114.022585,17.623573530577566,104.46996363423447,0.3039717926274647
473,2019-05-28 14:18:56,22.68501,114.022753,17.92754532320503,104.99060400888254,0.2125836803717398
473,2019-05-28 14:18:57,22.684968,114.022923,18.14012900357677,104.48607255258258,-0.1273150466413177
473,2019-05-28 14:18:58,22.684927,114.023095,18.012813956935453,104.4699511926541,-0.3754578400154287
473,2019-05-28 14:18:59,22.684887,114.023263,17.637356116920024,104.36908383456358,-0.049670952484135
473,2019-05-28 14:19:00,22.684848,114.023428,17.58768516443589,104.55292132607838,0.2348657979173545
473,2019-05-28 14:19:01,22.684808,114.023595,17.822550962353244,103.618690896491,0.3983169382559062
473,2019-05-28 14:19:02,22.68477,114.023765,18.22086790060915,103.91406318278064,0.2756414627221595
473,2019-05-28 14:19:03,22.68473,114.02394,18.49650936333131,103.91405927506612,0.1762526079332502
473,2019-05-28 14:19:04,22.68469,114.024115,18.67276197126456,104.3452487562338,0.2623021045485032
473,2019-05-28 14:19:05,22.684648000000006,114.024293,18.935064075813063,103.86760535579998,0.0230383316022226
473,2019-05-28 14:19:06,22.684607,114.024473,18.95810240741529,103.61481458373686,-0.0131246100899815
473,2019-05-28 14:19:07,22.684567,114.024652,18.944977797325304,103.54196543874752,0.1529086208689527
473,2019-05-28 14:19:08,22.684527,114.024832,19.097886418194257,104.76055996188006,0.1990272274252866
473,2019-05-28 14:19:09,22.684483,114.025013,19.296913645619544,103.25807124589625,0.1719522009104643
473,2019-05-28 14:19:10,22.684443,114.025197,19.468865846530008,102.4855240689937,-0.0098577643821613
473,2019-05-28 14:19:11,22.684405,114.025383,19.459008082147847,101.58791122094136,-0.1566873928777781
473,2019-05-28 14:19:12,22.68437,114.025568,19.30232068927007,101.00021040606993,-0.254237635685687
473,2019-05-28 14:19:13,22.684337,114.025752,19.04808305358438,100.18408779914068,-0.2824125291269723
473,2019-05-28 14:19:14,22.684307,114.025933,18.76567052445741,100.29545443055594,-0.312757330172726
473,2019-05-28 14:19:15,22.684277,114.026112,18.452913194284683,100.18218538499411,-0.594412199197194
473,2019-05-28 14:19:16,22.684248,114.026287,17.85850099508749,99.52196740586707,-0.6441695885164442
473,2019-05-28 14:19:17,22.684222,114.026455,17.214331406571045,99.43813058598109,-0.2379981995486702
473,2019-05-28 14:19:18,22.684197,114.026618,16.976333207022375,98.27242496629322,-0.4053595944037127
473,2019-05-28 14:19:19,22.684175,114.026782,16.570973612618662,99.91582117651323,-1.2144882699504471
473,2019-05-28 14:19:20,22.68415,114.02693700000002,15.356485342668217,99.66571517160207,-1.278312737587008
473,2019-05-28 14:19:21,22.684128,114.027077,14.078172605081209,98.47047326227909,-1.224963582823117
473,2019-05-28 14:19:22,22.68411,114.027208,12.85320902225809,97.9107938193415,-1.5193749794109443
473,2019-05-28 14:19:23,22.684095000000006,114.027325,11.333834042847146,97.2665872113546,-1.154622811295658
473,2019-05-28 14:19:24,22.684083,114.027427,10.179211231551488,96.5086256594841,-0.4715307521043694
473,2019-05-28 14:19:25,22.684073,114.027522,9.707680479447118,96.64735675343168,-0.1651617675236778
473,2019-05-28 14:19:26,22.684063,114.027615,9.54251871192344,95.3840313550362,-0.2663526486425649
473,2019-05-28 14:19:27,22.684055,114.027707,9.276166063280876,95.6272243834739,-0.1926419891816078
473,2019-05-28 14:19:28,22.684047,114.027795,9.083524074099268,97.02137793883104,0.0572449628956732
473,2019-05-28 14:19:29,22.684037,114.027883,9.14076903699494,96.25473652062408,0.1019143918297693
473,2019-05-28 14:19:30,22.684028,114.027972,9.24268342882471,96.86685213328644,-0.0571816533971869
473,2019-05-28 14:19:31,22.684018,114.028062,9.185501775427523,95.62722287876404,-0.356852527659937
473,2019-05-28 14:19:32,22.68401,114.02815,8.828649247767586,97.43974643882086,-0.4585312212179335
473,2019-05-28 14:19:33,22.684,114.028233,8.370118026549653,96.26346405484168,-0.1714065859213089
473,2019-05-28 14:19:34,22.683992,114.028312,8.198711440628344,95.41748162173236,0.2041492232323776
473,2019-05-28 14:19:35,22.683985,114.028392,8.402860663860722,95.96383819199912,0.5216713375801127
473,2019-05-28 14:19:36,22.683977,114.028475,8.924532001440834,96.1857781498772,0.3571364903811318
473,2019-05-28 14:19:37,22.683968,114.028565,9.281668491821966,95.50294696527236,-0.0054960588979717
473,2019-05-28 14:19:38,22.68396,114.028655,9.276172432923994,95.50294663801674,-0.1679194370831123
473,2019-05-28 14:19:39,22.683952,114.028745,9.108252995840882,93.5643095769866,-0.3623150632059104
473,2019-05-28 14:19:40,22.683947,114.028832,8.745937932634972,95.22276921305206,-0.2462529949999474
473,2019-05-28 14:19:41,22.68394,114.02891499999998,8.499684937635024,95.28610297387758,0.0973154310310953
473,2019-05-28 14:19:42,22.683933,114.028997,8.59700036866612,94.37494797140374,0.3067291601468156
473,2019-05-28 14:19:43,22.683927,114.029082,8.903729528812935,94.92752308382074,0.149124399336209
473,2019-05-28 14:19:44,22.68392,114.02917,9.052853928149144,93.52390750591388,0.0436857760680418
473,2019-05-28 14:19:45,22.683915,114.029258,9.096539704217186,93.4844106350272,0.0074731046468077
473,2019-05-28 14:19:46,22.68391,114.029347,9.104012808863994,94.92752247279655,0.703766920403444
473,2019-05-28 14:19:47,22.683903,114.029435,9.807779729267438,90.60286454817538,0.8632590810027345
473,2019-05-28 14:19:48,22.683902,114.029538,10.671038810270172,91.18265718943474,-0.0489620549498646
473,2019-05-28 14:19:49,22.6839,114.029643,10.622076755320307,91.82581451409794,0.174947356319338
473,2019-05-28 14:19:50,22.683897,114.029745,10.797024111639644,101.45234515269028,-0.3547500312411777
473,2019-05-28 14:19:51,22.683877,114.029852,10.442274080398468,99.91581236274952,-1.5856505408575998
473,2019-05-28 14:19:52,22.683862,114.029945,8.856623539540868,95.55552868102228,-1.2994073008649272
473,2019-05-28 14:19:53,22.683855,114.030023,7.557216238675941,91.79937645549028,-1.1954385079060046
473,2019-05-28 14:19:54,22.683853,114.030092,6.361777730769936,89.99998939548595,-0.975611412072376
473,2019-05-28 14:19:55,22.683853,114.030147,5.38616631869756,89.99999035754126,-0.2564841107560029
473,2019-05-28 14:19:56,22.683853,114.030197,5.129682207941557,89.99999035754126,0.0524898886284352
473,2019-05-28 14:19:57,22.683853,114.030247,5.182172096569992,87.56618587492886,-0.2526582506124164
473,2019-05-28 14:19:58,22.683855,114.030298,4.929513845957576,87.2421513379204,-0.6173539681450109
473,2019-05-28 14:19:59,22.683857,114.030343,4.312159877812565,88.40811078606845,-0.6150245877234992
473,2019-05-28 14:20:00,22.683858,114.030382,3.697135290089066,86.24179478990305,-0.3628419764490211
473,2019-05-28 14:20:01,22.68386,114.030415,3.3342933136400448,93.87528393682057,0.2564840477052987
473,2019-05-28 14:20:02,22.683858,114.030447,3.5907773613453435,86.73514322484789,0.2580906893400474
473,2019-05-28 14:20:03,22.68386,114.030485,3.848868050685391,89.99999286827199,0.1522838679576987
473,2019-05-28 14:20:04,22.68386,114.030522,4.00115191864309,89.99999209476539,0.2564840963532626
473,2019-05-28 14:20:05,22.68386,114.030563,4.257636014996352,89.99999190207234,0.1040112916359934
473,2019-05-28 14:20:06,22.68386,114.030605,4.361647306632346,92.88589134627318,0.6169389557278979
473,2019-05-28 14:20:07,22.683858,114.030648,4.978586262360244,91.1498234519404,0.9270943909831262
473,2019-05-28 14:20:08,22.683857,114.030702,5.90568065334337,94.06524217657562,0.6640775631776652
473,2019-05-28 14:20:09,22.683853,114.030763,6.569758216521035,89.99998708222887,0.3553127641020674
473,2019-05-28 14:20:10,22.683853,114.03083,6.925070980623103,89.99998688588897,0.1025936452160491
473,2019-05-28 14:20:11,22.683853,114.030898,7.027664625839152,89.99998669524007,0.1541056973677168
473,2019-05-28 14:20:12,22.683853,114.030967,7.181770323206869,90.87455729276064,0.4119913949246765
473,2019-05-28 14:20:13,22.683852,114.031038,7.593761718131545,91.61252971491764,0.3603553946653202
473,2019-05-28 14:20:14,22.68385,114.031115,7.954117112796865,91.59186655324731,0.2541278578530779
473,2019-05-28 14:20:15,22.683848,114.031193,8.208244970649943,89.99998418953226,0.2051689260386187
473,2019-05-28 14:20:16,22.683848,114.031275,8.413413896688562,88.48571827756655,-0.0370730040805682
473,2019-05-28 14:20:17,22.68385,114.031357,8.376340892607994,84.64898461836844,-0.4129027472376041
473,2019-05-28 14:20:18,22.683857,114.031438,7.963438145370389,89.16086511447855,-1.038367366823416
473,2019-05-28 14:20:19,22.683858,114.031512,6.925070778546973,91.01790351514823,-0.9743798827432196
473,2019-05-28 14:20:20,22.683857,114.031573,5.950690895803754,89.99998939548561,-0.4608048386827832
473,2019-05-28 14:20:21,22.683857,114.031628,5.48988605712097,92.38704503478436,-0.2502308268580817
473,2019-05-28 14:20:22,22.683855,114.03168,5.239655230262889,93.72071317281336,-0.2098004668504201
473,2019-05-28 14:20:23,22.683852,114.03173,5.029854763412469,89.99999074581388,-0.0490956049819892
473,2019-05-28 14:20:24,22.683852,114.031778,4.980759158430479,95.0561602477843,0.4125761771799849
473,2019-05-28 14:20:25,22.683848,114.031827,5.393335335610464,91.10876793462636,1.02093667380628
473,2019-05-28 14:20:26,22.683847,114.031883,6.414272009416744,91.79937634988336,1.1314836001298216
473,2019-05-28 14:20:27,22.683845,114.031952,7.545755609546566,92.38703980976504,0.5781898620404355
473,2019-05-28 14:20:28,22.683842,114.03203,8.123945471587001,95.41747572883486,-0.0328170934555736
473,2019-05-28 14:20:29,22.683835,114.03211,8.091128378131428,95.62721755391568,-0.367733726465854
473,2019-05-28 14:20:30,22.683828,114.032187,7.723394651665574,94.24557852722262,-0.374475460194442
473,2019-05-28 14:20:31,22.683823,114.03226,7.348919191471132,92.6594755657788,-0.0115759420689531
473,2019-05-28 14:20:32,22.68382,114.03233,7.337343249402179,89.99998592265104,0.6136660863955736
473,2019-05-28 14:20:33,22.68382,114.032403,7.951009335797752,89.99998418953544,0.4616715103720308
473,2019-05-28 14:20:34,22.68382,114.032485,8.412680846169783,89.99998418953544,-0.4608940734728257
473,2019-05-28 14:20:35,22.68382,114.032567,7.951786772696957,88.29913368031305,-0.8673676424193797
473,2019-05-28 14:20:36,22.683822,114.03264,7.084419130277578,87.13625069419862,-0.8200345366214243
473,2019-05-28 14:20:37,22.683825,114.032705,6.264384593656153,87.822113900447,-0.7173565798384693
473,2019-05-28 14:20:38,22.683827,114.032762,5.547028013817684,98.4613772407655,-0.1196975123255059
473,2019-05-28 14:20:39,22.68382,114.032813,5.427330501492178,95.7307420359299,0.1775526028399925
473,2019-05-28 14:20:40,22.683815,114.032867,5.6048831043321705,92.25697929482868,0.0377688886863403
473,2019-05-28 14:20:41,22.683813,114.032922,5.642651993018511,87.74299949614692,-0.3579078743974335
473,2019-05-28 14:20:42,22.683815,114.032977,5.284744118621077,89.99999074581638,-0.668028851071945
473,2019-05-28 14:20:43,22.683815,114.033025,4.616715267549132,89.99999190207495,-0.6668588719140418
473,2019-05-28 14:20:44,22.683815,114.033067,3.9498563956350905,89.99999325078863,-0.7162433255682146
473,2019-05-28 14:20:45,22.683815,114.033102,3.233613070066876,85.57315680458242,-0.6174744195651098
473,2019-05-28 14:20:46,22.683817,114.03313,2.616138650501766,95.38403517804306,-0.3051044236055635
473,2019-05-28 14:20:47,22.683815,114.033153,2.3110342268962025,89.99999575352712,-0.5122048878694947
473,2019-05-28 14:20:48,22.683815,114.033175,1.7988293390267078,99.4666483464738,-0.511596758037572
473,2019-05-28 14:20:49,22.683813,114.033188,1.2872325809891358,89.99999767925323,0.61156452908081
473,2019-05-28 14:20:50,22.683813,114.0332,1.898797110069946,92.4824145060245,0.5790937801321887
473,2019-05-28 14:20:51,22.683812,114.033225,2.4778908902021346,100.67463480620648,-0.4072721554667087
473,2019-05-28 14:20:52,22.683808,114.033248,2.070618734735426,93.64796192953612,-1.0943943259552509
473,2019-05-28 14:20:53,22.683807,114.033265,0.9762244087801752,89.99999960497928,-0.4619186797390938
473,2019-05-28 14:20:54,22.683807,114.033267,0.5143057290410814,85.23414692462597,0.3926071000308233
473,2019-05-28 14:20:56,22.683808,114.03328,1.299519929102728,92.48241440896686,1.9364822841385128
473,2019-05-28 14:20:57,22.683807,114.033305,3.236002213241241,93.26484086967469,1.1298969078579089
473,2019-05-28 14:20:58,22.683805,114.033343,4.36589912109915,92.64064482567188,0.4588877561455931
473,2019-05-28 14:20:59,22.683803,114.03339,4.824786877244743,91.32101937385818,-0.3075844813726647
473,2019-05-28 14:21:00,22.683802,114.033437,4.517202395872078,93.02641041335151,-0.5064035053721403
473,2019-05-28 14:21:01,22.6838,114.033478,4.010798890499938,95.02217270049994,-0.8284514351314751
473,2019-05-28 14:21:02,22.683797,114.033515,3.182347455368463,87.5175761188815,-0.765633299916685
473,2019-05-28 14:21:03,22.683798,114.03354,2.416714155451778,84.3727646683439,-0.5057465252516371
473,2019-05-28 14:21:04,22.6838,114.03356200000002,1.9109676302001408,81.77701173051366,-0.3471561253872013
473,2019-05-28 14:21:05,22.683802,114.033577,1.5638115048129395,116.8298742847354,-0.0636597994524905
473,2019-05-28 14:21:06,22.683795,114.033592,1.500151705360449,127.18709808751498,-0.3332522484226736
473,2019-05-28 14:21:07,22.683788,114.033602,1.1668994569377753,108.01200255860572,-0.2026174908532516
473,2019-05-28 14:21:08,22.683785,114.033612,0.9642819660845235,105.16079854622552,-0.0817000441628219
473,2019-05-28 14:21:09,22.683783,114.03362,0.8825819219217017,108.1820194061138,-0.0031005610872497
473,2019-05-28 14:21:13,22.683773,114.033653,0.8701796775727025,114.91495541336724,0.1433293156805214
473,2019-05-28 14:21:14,22.68377000000001,114.03366,1.013508993253224,100.2394646491166,0.1715469338781565
473,2019-05-28 14:21:15,22.683768,114.033672,1.1850559271313803,89.9999978812532,-0.1078219951581709
473,2019-05-28 14:21:16,22.683768,114.033683,1.0772339319732096,89.99999808415009,-0.0497914891148774
473,2019-05-28 14:21:17,22.683768,114.033693,1.0274424428583322,96.18578441284126,0.2049368031941827
473,2019-05-28 14:21:18,22.683767,114.033703,1.232379246052515,89.99999730539525,0.2645507844879371
473,2019-05-28 14:21:19,22.683767,114.033717,1.496930030540452,77.76935417136082,0.1173874076914665
473,2019-05-28 14:21:20,22.68377000000001,114.033732,1.6143174382319183,82.28455729326987,-0.1780055498902746
473,2019-05-28 14:21:21,22.683772,114.033748,1.436311888341644,100.23946468909044,-0.3865480565362187
473,2019-05-28 14:21:22,22.68377000000001,114.03376000000002,1.0497638318054252,105.1607971016016,-0.1197491664665153
473,2019-05-28 14:21:23,22.683768,114.033768,0.93001466533891,89.99999808415009,0.7124259361557048
473,2019-05-28 14:21:24,22.683768,114.033778,1.642440601494615,92.82041202535288,1.2862334973331633
473,2019-05-28 14:21:25,22.683767,114.0338,2.928674098827778,93.54399934341586,1.181095746677359
473,2019-05-28 14:21:26,22.683765,114.033835,4.109769845505137,92.75782946304643,0.508286025428089
473,2019-05-28 14:21:27,22.683763,114.03388,4.618055870933226,89.99999132271455,-0.1025632904099147
473,2019-05-28 14:21:28,22.683763,114.033925,4.515492580523311,87.11409405951713,-0.4057227343665204
473,2019-05-28 14:21:29,22.683765,114.033968,4.109769846156791,86.6471051888173,-0.5172687593793186
473,2019-05-28 14:21:30,22.683767,114.034005,3.5925010867774723,89.99999363777437,-0.2582055596593045
473,2019-05-28 14:21:31,22.683767,114.034038,3.334295527118168,89.99999382780322,-0.3077811248271231
473,2019-05-28 14:21:32,22.683767,114.03407,3.0265144022910446,89.99999479158032,-0.6129994000141048
473,2019-05-28 14:21:33,22.683767,114.034097,2.41351500227694,96.18578238478408,-0.7170706928910466
473,2019-05-28 14:21:34,22.683765,114.034117,1.6964443093858932,89.99999749313861,-0.4140229342920933
473,2019-05-28 14:21:35,22.683765,114.03413,1.2824213750937998,89.99999767925408,0.0048116725798004
473,2019-05-28 14:21:36,22.683765,114.034142,1.2872330476736005,99.46664494688532,0.3068523815733515
473,2019-05-28 14:21:37,22.683763,114.034155,1.5940854292469515,89.9999965325971,0.4577888007096924
473,2019-05-28 14:21:38,22.683763,114.034173,2.051874229956644,89.99999575352876,0.2079247758094262
473,2019-05-28 14:21:39,22.683763,114.034195,2.2597990057660704,84.37276610480046,0.1613882421193655
473,2019-05-28 14:21:40,22.683765,114.034217,2.421187247885436,85.04444325468404,-0.452184647069116
473,2019-05-28 14:21:41,22.683767,114.034242,1.96900260081632,75.95747779896072,-0.4290929954484437
473,2019-05-28 14:21:42,22.68377000000001,114.034255,1.5399096053678762,97.2665868623834,0.5187324760106999
473,2019-05-28 14:21:43,22.683768,114.034272,2.058642081378576,92.69797033251524,0.7632326452814429
473,2019-05-28 14:21:44,22.683767,114.034295,2.821874726660019,89.99999382780322,0.619059312790855
473,2019-05-28 14:21:45,22.683767,114.034327,3.440934039450874,84.6924278896393,0.431954927005818
473,2019-05-28 14:21:46,22.68377000000001,114.03436200000002,3.872888966456692,82.28455256497853,0.5610053969310904
473,2019-05-28 14:21:47,22.683775,114.034402,4.433894363387783,85.95675979195977,0.6082390844033005
473,2019-05-28 14:21:48,22.683778,114.034448,5.042133447791083,85.23414034326186,0.358077722897379
473,2019-05-28 14:21:49,22.683782,114.0345,5.400211170688462,86.48933323970567,0.0042911159387903
473,2019-05-28 14:21:50,22.683785,114.034553,5.4045022866272525,84.05037734803489,-0.4135114456155326
473,2019-05-28 14:21:51,22.68379,114.034605,4.99099084101172,87.24215263923969,-0.7300869170651447
473,2019-05-28 14:21:52,22.683792,114.03465,4.260903923946575,88.36624254692634,-0.410026776942503
473,2019-05-28 14:21:53,22.683793,114.034688,3.850877147004072,86.6471045001914,-0.002007274083505
473,2019-05-28 14:21:54,22.683795,114.034725,3.848869872920567,89.99999267132694,0.152283941685456
473,2019-05-28 14:21:55,22.683795,114.03476299999998,4.001153814606023,89.99999228722129,0.206656812120948
473,2019-05-28 14:21:56,22.683795,114.034803,4.207810626726971,87.04550204759772,0.1043511370269225
473,2019-05-28 14:21:57,22.683797,114.034845,4.312161763753894,88.52176429587877,0.3129157078033175
473,2019-05-28 14:21:58,22.683798,114.034887,4.625077471557211,84.83904914965296,0.8531651087219192
473,2019-05-28 14:21:59,22.683802,114.034935,5.47824258027913,81.49752889065724,1.1161729435771202
473,2019-05-28 14:22:00,22.68381,114.034993,6.5944155238562505,87.34049763955875,0.6916447713830838
473,2019-05-28 14:22:01,22.683813,114.035063,7.286060295239334,89.99998611666734,-0.103642375087424
473,2019-05-28 14:22:02,22.683813,114.035135,7.18241792015191,88.17415382784907,-0.0999621182168315
473,2019-05-28 14:22:03,22.683815,114.035203,7.082455801935079,88.226286264961,0.0486713699334542
473,2019-05-28 14:22:04,22.683817,114.035273,7.131127171868533,89.99998669524354,-0.10346070105488
473,2019-05-28 14:22:05,22.683817,114.035342,7.027666470813653,89.99998688589238,-0.1005854168999009
473,2019-05-28 14:22:06,22.683817,114.03541,6.927081053913752,87.2215990924426,-0.147686800759013
473,2019-05-28 14:22:07,22.68382,114.035477,6.779394253154739,87.13625072737813,-0.1098788348412256
473,2019-05-28 14:22:08,22.683823,114.035542,6.669515418313513,90.95527355465572,-0.2058752809555049
473,2019-05-28 14:22:09,22.683822,114.035607,6.463640137358008,89.99998823680005,-0.6670979308375102
473,2019-05-28 14:22:10,22.683822,114.035668,5.796542206520498,89.99998997255011,-0.8204387564042941
473,2019-05-28 14:22:11,22.683822,114.03572,4.976103450116204,88.62027251520567,-0.1000507825217704
473,2019-05-28 14:22:12,22.683823,114.03576499999998,4.876052667594434,87.51757083420341,0.1660790270827288
473,2019-05-28 14:22:13,22.683825,114.035815,5.042131694677162,83.55858402115541,-0.2634339363779876
473,2019-05-28 14:22:14,22.68383,114.035863,4.778697758299175,89.99999132271029,-0.417049498372406
473,2019-05-28 14:22:15,22.68383,114.035908,4.361648259926769,93.10192575148596,-0.5107720943212279
473,2019-05-28 14:22:16,22.683828,114.035948,3.850876165605541,91.77369362483626,-0.5161186155170618
473,2019-05-28 14:22:17,22.683827,114.035983,3.334757550088479,89.99999421294575,-0.3077338613982876
473,2019-05-28 14:22:18,22.683827,114.03601299999998,3.027023688690192,87.85963363599888,-0.1025757482613745
473,2019-05-28 14:22:19,22.683828,114.036042,2.924447940428817,89.99999459668015,0.3091648246420497
473,2019-05-28 14:22:20,22.683828,114.03607,3.2336127650708666,86.45598551794933,0.512706460341255
473,2019-05-28 14:22:21,22.68383,114.036105,3.7463192254121216,89.99999267132506,0.256378333213715
473,2019-05-28 14:22:22,22.68383,114.036143,4.002697558625837,86.89805878172126,0.1044370018523945
473,2019-05-28 14:22:23,22.683832,114.036183,4.107134560478231,88.44788820865762,0.2050260410807292
473,2019-05-28 14:22:24,22.683833,114.036223,4.31216060155896,87.17957388428465,0.1562010955355983
473,2019-05-28 14:22:25,22.683835,114.036267,4.468361697094559,87.11409254627068,0.2026285473342657
473,2019-05-28 14:22:26,22.683837,114.03631,4.6709902444288245,88.70647395299062,0.3564063207609074
473,2019-05-28 14:22:27,22.683838,114.036358,5.027396565189732,89.99999035754229,0.2060612306078804
473,2019-05-28 14:22:28,22.683838,114.036408,5.233457795797612,87.6129352103813,0.3648024520704682
473,2019-05-28 14:22:29,22.68384,114.03646,5.5982602478680805,86.73513997468842,-0.2049246388787349
473,2019-05-28 14:22:30,22.683843,114.036517,5.393335608989346,87.4142742659555,-1.2880833826015818
473,2019-05-28 14:22:31,22.683845,114.036565,4.105252226387764,89.9999938277997,-1.8994887473749429
473,2019-05-28 14:22:32,22.683845,114.036597,2.205763479012821,89.99999788125194,-1.4283181239536928
473,2019-05-28 14:22:33,22.683845,114.036608,0.7774453550591283,118.45411087752632,-0.3064034714015258
473,2019-05-28 14:22:34,22.683843,114.036612,0.4710418836576024,83.93457726404557,0.0183839944730641
473,2019-05-28 14:22:45,22.683848,114.036663,0.6732658228613085,78.65090804852451,2.6476443161619456
473,2019-05-28 14:22:46,22.683853,114.03669,3.3209101390232543,83.31702087954574,0.6352007900037675
473,2019-05-28 14:22:47,22.683857,114.036727,3.9561109290270218,89.99999228721782,0.3073293491348905
473,2019-05-28 14:22:48,22.683857,114.036767,4.263440278161912,95.75722173614632,0.1568362216430499
473,2019-05-28 14:22:49,22.683853,114.03681,4.420276499804962,91.44385721983645,0.3506519305236075
473,2019-05-28 14:22:50,22.683852,114.036853,4.77092843032857,89.99999035754126,0.3587538150344889
473,2019-05-28 14:22:51,22.683852,114.036903,5.129682245363059,89.99999035754132,0.3590777572863421
473,2019-05-28 14:22:52,22.683852,114.036953,5.488760002649401,89.99998900871839,0.6158150294031293
473,2019-05-28 14:22:53,22.683852,114.03701,6.10457503205253,88.99848742926048,0.4635362969469012
473,2019-05-28 14:22:54,22.683853,114.037072,6.568111328999431,88.11886455597414,0.4137926307726269
473,2019-05-28 14:22:55,22.683855,114.03713799999998,6.981903959772058,87.3404967715345,0.3075470663495956
473,2019-05-28 14:22:56,22.683858,114.037208,7.289451026121654,88.27552462216283,-0.1557258401368413
473,2019-05-28 14:22:57,22.68386,114.03728,7.1337251859848125,88.1469210100563,-0.4642117126625198
473,2019-05-28 14:22:58,22.683862,114.037347,6.669513473322293,89.99998785154077,-0.3597598455645592
473,2019-05-28 14:22:59,22.683862,114.03741,6.3097536277577335,88.96511152142267,-0.3077683500844888
473,2019-05-28 14:23:00,22.683863,114.03747,6.001985277673245,89.99998900871753,-0.1018033277267527
473,2019-05-28 14:23:01,22.683863,114.037527,5.900181949946492,87.85962746095117,-6.524922824269196e-10
473,2019-05-28 14:23:02,22.683865,114.037585,5.900181949294,89.99998900871736,-0.0010479268065211
473,2019-05-28 14:23:03,22.683865,114.037642,5.899134022487479,89.99998881682279,0.0512968177911421
473,2019-05-28 14:23:04,22.683865,114.0377,5.950430840278621,89.99998881682274,0.3087686288717828
473,2019-05-28 14:23:05,22.683865,114.037758,6.259199469150404,88.06012392149955,0.4114722955062939
473,2019-05-28 14:23:06,22.683867000000006,114.037822,6.6706717646566975,89.05917229687202,0.3076888176097778
473,2019-05-28 14:23:07,22.683868,114.037888,6.978360582266475,88.22628557711408,0.3066359670384662
473,2019-05-28 14:23:08,22.68387,114.037958,7.284996549304942,89.9999861166616,0.1017449131644996
473,2019-05-28 14:23:09,22.68387,114.03803,7.386741462469441,89.9999861166616,-0.2051872623750297
473,2019-05-28 14:23:10,22.68387,114.038102,7.181554200094412,89.99998688588732,-0.9746394972603198
473,2019-05-28 14:23:11,22.68387,114.03817,6.206914702834092,89.99998977790278,-1.4876076564609937
473,2019-05-28 14:23:12,22.68387,114.038223,4.719307046373098,89.99999247940997,-1.1798267622458596
473,2019-05-28 14:23:13,22.68387,114.03826200000002,3.5394802841272384,89.99999421294393,-0.5595934308913257
473,2019-05-28 14:23:14,22.68387,114.038292,2.9798868532359126,83.37615860995777,-0.4777897962101627
473,2019-05-28 14:23:15,22.683873,114.03832,2.50209705702575,74.83918635201923,-0.1770621743637104
473,2019-05-28 14:23:16,22.683878,114.03834,2.3250348826620395,89.99999518074486,0.1372121273607582
473,2019-05-28 14:23:17,22.683878,114.03836499999998,2.4622470100227978,89.99999556030843,1.3052185998674304e-09
473,2019-05-28 14:23:18,22.683878,114.03838799999998,2.4622470113280164,89.99999518074486,0.0512968135789533
473,2019-05-28 14:23:19,22.683878,114.038413,2.5135438249069697,89.99999537496348,0.0663174496009166
473,2019-05-28 14:23:20,22.683878,114.03843700000002,2.5798612745078864,78.22637077320474,0.166583898187016
473,2019-05-28 14:23:21,22.683883,114.038463,2.7464451726949024,85.40988596578552,0.2800666671662939
473,2019-05-28 14:23:22,22.683885,114.03849,3.0265118398611963,93.8752846521835,0.8223555088161332
473,2019-05-28 14:23:23,22.683883,114.038522,3.8488673486773295,89.99999170915373,1.0756264937026114
473,2019-05-28 14:23:24,22.683883,114.038565,4.924493842379941,89.99998977790182,0.6158407192425681
473,2019-05-28 14:23:25,22.683883,114.038618,5.540334561622509,91.1289228528351,0.053505072710732
473,2019-05-28 14:23:26,22.683882,114.038673,5.593839634333241,92.29873228804756,-0.2578125334290071
473,2019-05-28 14:23:27,22.68388,114.038727,5.336027100904234,89.99999035753933,-0.2063459033438111
473,2019-05-28 14:23:28,22.68388,114.038777,5.129681197560423,89.99999035753933,0.0012049945524319
473,2019-05-28 14:23:29,22.68388,114.038827,5.130886192112855,87.51756979142192,0.5128585900450142
473,2019-05-28 14:23:30,22.683882,114.038877,5.643744782157869,89.9999884291787,0.8198925262377568
473,2019-05-28 14:23:31,22.683882,114.038937,6.463637308395626,89.0591721911286,0.512950528891313
473,2019-05-28 14:23:32,22.683883,114.039003,6.976587837286939,89.99998650157056,0.1545357979288999
473,2019-05-28 14:23:33,22.683883,114.039073,7.131123635215839,88.20059654463495,-0.2051615570796299
473,2019-05-28 14:23:34,22.683885,114.039142,6.925962078136209,89.99998727254518,-0.359970384965691
473,2019-05-28 14:23:35,22.683885,114.039208,6.565991693170518,89.99998804743109,-0.3067930456736603
473,2019-05-28 14:23:36,22.683885,114.03927,6.2591986474968575,92.06906778759496,-0.2051537632728424
473,2019-05-28 14:23:37,22.683883,114.03933,6.054044884224015,89.99998881682131,-0.3088020688754973
473,2019-05-28 14:23:38,22.683883,114.039388,5.745242815348518,89.99998958680942,-0.7691415430297397
473,2019-05-28 14:23:39,22.683883,114.039442,4.976101272318778,91.4438575398584,-0.9714750294475998
473,2019-05-28 14:23:40,22.683882,114.039485,4.004626242871178,93.54400232155008,-0.4069692910249234
473,2019-05-28 14:23:41,22.68388,114.03952,3.597656951846255,93.54400226306755,-0.098414243250462
473,2019-05-28 14:23:42,22.683878,114.039555,3.499242708595793,95.62722786921182,-0.3144696738212946
473,2019-05-28 14:23:43,22.683875,114.039588,3.1847730347744982,89.999994408411,-0.2608546463815995
473,2019-05-28 14:23:44,22.683875,114.039617,2.9239183883928987,89.99999459667833,-0.2051872548907423
473,2019-05-28 14:23:45,22.683875,114.039645,2.7187311335021564,89.99999518074492,-0.153890441494362
473,2019-05-28 14:23:46,22.683875,114.03967,2.5648406920077944,89.99999518074492,0.1561634240119729
473,2019-05-28 14:23:47,22.683875,114.039695,2.7210041160197678,94.42683425744984,6.520641804286241e-10
473,2019-05-28 14:23:48,22.683873,114.039723,2.7210041166718315,89.99999518074503,0.1003206854393847
473,2019-05-28 14:23:49,22.683873,114.039748,2.8213248021112163,89.99999421294382,0.7181554045534528
473,2019-05-28 14:23:50,22.683873,114.039778,3.539480206664669,89.9999924794098,0.8211034971165518
473,2019-05-28 14:23:51,22.683873,114.039817,4.360583703781221,91.34972775207746,0.512930842713776
473,2019-05-28 14:23:52,22.683872,114.03986299999998,4.873514546494997,89.9999905517451,-0.2568011973629573
473,2019-05-28 14:23:53,22.683872,114.03991200000002,4.61671334913204,89.9999920947647,-0.4616713385025432
473,2019-05-28 14:23:54,22.683872,114.039953,4.155042010629496,89.99999228721697,-0.0509202300681943
473,2019-05-28 14:23:55,22.683872,114.039993,4.104121780561302,88.44788775053962,-0.1507470283555738
473,2019-05-28 14:23:56,22.683873,114.040033,3.953374752205728,86.64710253839291,-0.2533148040827595
473,2019-05-28 14:23:57,22.683875,114.04007,3.700059948122969,86.45598431587058,-0.0029251425151035
473,2019-05-28 14:23:58,22.683877,114.040105,3.697134805607865,88.32211119884602,0.1517327675050115
473,2019-05-28 14:23:59,22.683878,114.040142,3.848867573112877,94.89066225248428,0.4178334106593082
473,2019-05-28 14:24:00,22.683875,114.04018,4.266700983772185,92.75783167705409,0.6144187524913436
473,2019-05-28 14:24:01,22.683873,114.040225,4.881119736263528,93.72071366489178,0.3585348854624683
473,2019-05-28 14:24:02,22.68387,114.040275,5.239654621725997,92.38704526673422,-0.0061979701041758
473,2019-05-28 14:24:03,22.683868,114.040327,5.233456651621821,89.99999035754018,-0.3599419300024484
473,2019-05-28 14:24:04,22.683868,114.040377,4.873514721619372,91.37971056542472,-0.8719767683245649
473,2019-05-28 14:24:05,22.683867000000006,114.040422,4.001537953294807,89.9999936377697,-0.7693602957711128
473,2019-05-28 14:24:06,22.683867000000006,114.040455,3.2321776575236947,87.9309151169582,-0.4103049893066788
473,2019-05-28 14:24:07,22.683868,114.040485,2.821872668217016,89.9999951807452,-0.4102813213288896
473,2019-05-28 14:24:08,22.683868,114.04051,2.4115913468881263,92.82041405837548,-0.352950726364039
473,2019-05-28 14:24:09,22.683867000000006,114.040532,2.0586406205240877,96.86685824196296,-0.3512999703983788
473,2019-05-28 14:24:10,22.683865,114.04055,1.7073406501257085,98.22298620871447,-0.0108975483236126
473,2019-05-28 14:24:11,22.683863,114.040565,1.6964431018020958,89.9999965325946,-0.0027353269811867
473,2019-05-28 14:24:12,22.683863,114.040583,1.693707774820909,94.13277264065351,-0.043757454502352
473,2019-05-28 14:24:13,22.683862,114.040598,1.649950320318557,97.26659164752851,0.1488784036725683
473,2019-05-28 14:24:14,22.68386,114.040615,1.7988287239911254,89.99999653259465,0.259812014587206
473,2019-05-28 14:24:15,22.68386,114.040633,2.0586407385783314,98.40722862680816,0.3835192686356636
473,2019-05-28 14:24:16,22.683857,114.040655,2.442160007213995,99.83805388690683,0.2345292117964366
473,2019-05-28 14:24:17,22.683853,114.04068,2.676689219010432,89.99999479157702,-0.0092544708024715
473,2019-05-28 14:24:18,22.683853,114.040707,2.66743474820796,89.99999518074571,-0.0512968222817256
473,2019-05-28 14:24:19,22.683853,114.040732,2.6161379259262345,89.99999498627392,0.2051872878216798
473,2019-05-28 14:24:20,22.683853,114.040758,2.8213252137479143,89.99999440841191,0.2564841107560127
473,2019-05-28 14:24:21,22.683853,114.040787,3.077809324503927,89.99999402371691,0.1538904674977828
473,2019-05-28 14:24:22,22.683853,114.040818,3.23169979200171,89.99999382779936,-0.153388341053434
473,2019-05-28 14:24:23,22.683853,114.04085,3.078311450948276,92.2167222849198,-0.6667198403004471
473,2019-05-28 14:24:24,22.683852,114.040878,2.411591610647829,89.99999634085958,-0.7700932928364403
473,2019-05-28 14:24:25,22.683852,114.040897,1.6414983178113884,89.99999749313696,-0.3419788153133694
473,2019-05-28 14:24:26,22.683852,114.04091,1.299519502498019,89.99999518074577,0.0892222374997624
473,2019-05-28 14:24:28,22.683852,114.040935,1.477963977497544,103.54193036425396,0.7113713412943452
473,2019-05-28 14:24:29,22.683848,114.040953,2.189335318791889,97.7154392403434,0.5946070436822639
473,2019-05-28 14:24:30,22.683845,114.040977,2.783942362474153,94.13276921117604,0.2166196924893189
473,2019-05-28 14:24:31,22.683843,114.041007,3.000562054963472,100.953734634665,-0.1595840049743375
473,2019-05-28 14:24:32,22.683838,114.041035,2.8409780499891344,92.2987367703467,-0.1171346556667534
473,2019-05-28 14:24:33,22.683837,114.041062,2.723843394322381,94.76584655385987,-0.0028385246109969
473,2019-05-28 14:24:34,22.683835,114.041088,2.721004869711384,89.9999947915777,0.1025111092920463
473,2019-05-28 14:24:35,22.683835,114.041115,2.8235159790034303,94.42683296080122,0.4201183421029095
473,2019-05-28 14:24:36,22.683833,114.041143,3.24363432110634,95.30756101685694,0.5624963510175296
473,2019-05-28 14:24:37,22.68383,114.041178,3.8061306721238695,93.18130136501622,0.2991220025044874
473,2019-05-28 14:24:38,22.683828,114.041217,4.105252674628357,89.99999209476726,0.3094268204468484
473,2019-05-28 14:24:39,22.683828,114.041258,4.414679495075205,94.13276578962171,0.7258388746604547
473,2019-05-28 14:24:40,22.683825,114.041303,5.14051836973566,93.38328880776912,0.5155386767715973
473,2019-05-28 14:24:41,22.683822,114.041358,5.656057046507257,94.5069866064656,1.231981032745466e-07
473,2019-05-28 14:24:42,22.683818,114.041413,5.6560571697053605,93.38328863182238,-0.0065617742918222
473,2019-05-28 14:24:43,22.683815,114.041468,5.649495395413538,92.25697929535022,-0.1536987595539187
473,2019-05-28 14:24:44,22.683813,114.041523,5.49579663585962,93.57798613445964,-0.3585860283403148
473,2019-05-28 14:24:45,22.68381,114.041575,5.137210607519305,92.58570656020134,-0.4149549293615404
473,2019-05-28 14:24:46,22.683808,114.041623,4.722255678157764,91.41105486412248,-0.3531717125879723
473,2019-05-28 14:24:47,22.683807,114.041667,4.369083965569792,96.03603480081024,-0.0936960074768791
473,2019-05-28 14:24:48,22.683803,114.041708,4.275387958092913,94.4268292191112,0.2984864173465453
473,2019-05-28 14:24:49,22.6838,114.04175,4.573874375439458,92.64064473787651,0.5633367172131001
473,2019-05-28 14:24:50,22.683798,114.041797,5.137211092652558,93.5106466565,0.5229444049694125
473,2019-05-28 14:24:51,22.683795,114.04185,5.660155497621971,95.43097494143105,0.2557255686625304
473,2019-05-28 14:24:52,22.68379,114.041907,5.915881066284501,93.20866476217594,0.0472666391416556
473,2019-05-28 14:24:53,22.683787,114.041965,5.963147705426157,94.27475195426211,0.1105271873942577
473,2019-05-28 14:24:54,22.683783,114.042023,6.073674892820415,95.1609293003242,0.2003264129033706
473,2019-05-28 14:24:55,22.683778,114.042083,6.274001305723785,93.00204406270956,0.1110599476277585
473,2019-05-28 14:24:56,22.683775,114.042145,6.385061253351544,96.97651784936984,-0.0511003058052788
473,2019-05-28 14:24:57,22.683768,114.042207,6.333960947546265,93.05116581720756,-0.0087901226169524
473,2019-05-28 14:24:58,22.683765,114.042268,6.325170824929312,94.99530258285893,-0.1955783975209364
473,2019-05-28 14:24:59,22.68376,114.04233,6.129592427408376,95.43097355858843,-0.1114015754749253
473,2019-05-28 14:25:00,22.683755,114.042387,6.018190851933451,93.10192018471167,0.1534804239539582
473,2019-05-28 14:25:01,22.683752,114.042447,6.171671275887409,95.16092813732246,-0.0931619045397038
473,2019-05-28 14:25:02,22.683747,114.042507,6.078509371347705,95.3378807836612,2.1856063270320194e-07
473,2019-05-28 14:25:03,22.683742,114.042565,6.078509589908338,95.1609277617748,0.2043556161689919
473,2019-05-28 14:25:04,22.683737,114.042625,6.28286520607733,94.99530156451226,0.1638587849499924
473,2019-05-28 14:25:05,22.683732,114.04268700000002,6.446723991027322,96.86684272832122,0.3062039466104593
473,2019-05-28 14:25:06,22.683725,114.04275,6.752927937637781,94.5564822091971,0.2042135060351348
473,2019-05-28 14:25:07,22.68372,114.042818,6.957141443672916,96.46045437157244,0.0055518472952051
473,2019-05-28 14:25:08,22.683713,114.042885,6.962693290968121,95.46272384413749,0.3572335098161012
473,2019-05-28 14:25:09,22.683707,114.042953,7.319926800784223,95.8537900408927,0.3686708954423539
473,2019-05-28 14:25:10,22.6837,114.043027,7.688597696226576,96.59463377074051,0.3183985891672094
473,2019-05-28 14:25:11,22.683692,114.043102,8.006996285393786,96.95183823217803,0.4076459153170475
473,2019-05-28 14:25:12,22.683683,114.043182,8.414642200710833,95.96382514207473,0.6179233738405614
473,2019-05-28 14:25:13,22.683675,114.043265,9.032565574551397,96.71893459226686,0.612014583990554
473,2019-05-28 14:25:14,22.683665,114.043357,9.644580158541949,95.21494573272037,0.3179692282695789
473,2019-05-28 14:25:15,22.683657,114.043452,9.962549386811528,97.55979599461476,0.0130234652686649
473,2019-05-28 14:25:16,22.683645,114.04355,9.975572852080193,96.5086050441938,-0.2544974722073512
473,2019-05-28 14:25:17,22.683635,114.043645,9.721075379872842,97.96115649942834,-0.2978714804198876
473,2019-05-28 14:25:18,22.683623,114.043738,9.423203899452954,97.62975061962196,-0.1279685574417097
473,2019-05-28 14:25:19,22.683612,114.043827,9.295235342011244,100.23943753178474,0.1381313245778344
473,2019-05-28 14:25:20,22.683597,114.043917,9.43336666658908,100.1292572001077,1.0006492043856952e-06
473,2019-05-28 14:25:21,22.683582,114.044008,9.433367667238285,100.23943533687816,0.0706803349063509
473,2019-05-28 14:25:22,22.683567,114.044098,9.504048002144634,101.32501184933083,0.0128498530055694
473,2019-05-28 14:25:23,22.68355,114.04419,9.516897855150203,109.2298140051389,0.1700814367591103
473,2019-05-28 14:25:24,22.683522,114.044277,9.686979291909314,99.61178913764276,0.3719190574341322
473,2019-05-28 14:25:25,22.683507,114.044373,10.058898349343446,100.75521440306665,0.924512944679849
473,2019-05-28 14:25:26,22.68349,114.04447,10.983411294023297,113.53599372044108,1.0141227752271238
473,2019-05-28 14:25:27,22.683447,114.044577,11.99753406925042,118.6865242785741,-0.0825574887846141
473,2019-05-28 14:25:28,22.683395,114.04468,11.914976580465805,126.28648676961666,-0.1971815497159283
473,2019-05-28 14:25:29,22.683332,114.044773,11.717795030749876,121.1055661125584,-0.5173960459508091
473,2019-05-28 14:25:30,22.683278,114.04487,11.200398984799069,123.13501568010572,-0.5474104361183638
473,2019-05-28 14:25:31,22.683225,114.044958,10.652988548680703,124.05088461848312,0.1189492145961015
473,2019-05-28 14:25:32,22.683172,114.045043,10.771937763276805,128.65880595332527,0.25056910826118
473,2019-05-28 14:25:33,22.68311,114.045127,11.022506871537985,131.01483549033776,-0.1629782825648096
473,2019-05-28 14:25:34,22.683045,114.045208,10.859528588973175,132.45609322178507,-0.3785618876432828
473,2019-05-28 14:25:35,22.68298,114.045285,10.480966701329892,133.0870842770304,-0.3761367392215824
473,2019-05-28 14:25:36,22.682917,114.045358,10.10482996210831,133.82978399782547,-0.2264147230938373
473,2019-05-28 14:25:37,22.682855,114.045428,9.878415239014473,132.89199131819657,-0.1848631072656736
473,2019-05-28 14:25:38,22.682795,114.045498,9.6935521317488,135.95229550195177,-0.1775571359670031
473,2019-05-28 14:25:39,22.682733,114.045563,9.515994995781796,135.93062716437896,-0.24610749817578
473,2019-05-28 14:25:40,22.682672,114.045627,9.269887497606016,139.20156503147962,-0.2468126962927961
473,2019-05-28 14:25:41,22.68261,114.045685,9.02307480131322,138.2702117192025,-0.1173478780495891
473,2019-05-28 14:25:42,22.68255,114.045743,8.90572692326363,138.76467898474343,0.4280549350456457
473,2019-05-28 14:25:43,22.68249,114.0458,9.333781858309276,139.50924631013788,0.6227417387073402
473,2019-05-28 14:25:44,22.682423,114.045862,9.956523597016616,140.2940525521857,0.6045904919793266
473,2019-05-28 14:25:45,22.682353,114.045925,10.561114088995945,139.26670962354154,0.4728448223520445
473,2019-05-28 14:25:46,22.682278,114.045995,11.033958911347987,141.60178009573465,0.6732204623096791
473,2019-05-28 14:25:47,22.6822,114.046062,11.707179373657668,141.79816651170336,0.4374806391409542
473,2019-05-28 14:25:49,22.68203,114.046207,12.582140651939577,144.2583880350482,1.5832785208883422
473,2019-05-28 14:25:50,22.68193,114.046285,14.165419172827916,144.40837049379246,0.5408162594371131
473,2019-05-28 14:25:51,22.681823,114.046368,14.70623543226503,144.33581297074778,0.045229927767485
473,2019-05-28 14:25:52,22.681715,114.046452,14.751465360032515,144.66019782333495,-0.1307407143482173
473,2019-05-28 14:25:53,22.681607,114.046535,14.620724645684298,146.56504762701434,0.2875213160213405
473,2019-05-28 14:25:54,22.681498,114.046613,14.90824596170564,145.2378441492075,0.6862424366584232
473,2019-05-28 14:25:55,22.681385,114.046698,15.594488398364062,144.93667892407154,0.1793915179492327
473,2019-05-28 14:25:56,22.681268,114.046787,15.773879916313296,144.7764003819595,-0.5712319094698763
473,2019-05-28 14:25:57,22.681153,114.046875,15.202648006843418,142.2858679297433,-0.8683725442925105
473,2019-05-28 14:25:58,22.681048,114.046963,14.334275462550908,140.0987595460191,-0.7657075471496526
473,2019-05-28 14:25:59,22.680952,114.04705,13.568567915401257,136.97679553092587,-0.7333185832915383
473,2019-05-28 14:26:00,22.680865,114.047138,12.835249332109717,134.17754086500724,-0.5750304671627564
473,2019-05-28 14:26:01,22.680787,114.047225,12.26021886494696,135.15614121738167,-0.3432354869122012
473,2019-05-28 14:26:02,22.68071,114.047308,11.91698337803476,132.89154034851128,-0.4900183847779438
473,2019-05-28 14:26:03,22.680638,114.047392,11.426964993256815,135.35611528175525,-0.5395166049785942
473,2019-05-28 14:26:04,22.680567,114.047468,10.88744838827822,138.5160810700781,-0.662066915914771
473,2019-05-28 14:26:05,22.680495,114.047537,10.22538147236345,144.82315375214682,-1.0420065602653192
473,2019-05-28 14:26:06,22.680423,114.047592,9.183374912098133,151.50922239976103,-1.2122669954831338
473,2019-05-28 14:26:07,22.680355,114.047632,7.971107916614997,155.23445164065333,-1.4417064327951152
473,2019-05-28 14:26:08,22.680295,114.04766200000002,6.529401483819882,158.97092926200935,-0.6427885940329316
473,2019-05-28 14:26:09,22.680247,114.047682,5.88661288978695,153.91451879790625,0.5971695695745964
473,2019-05-28 14:26:10,22.680198,114.047708,6.483782459361547,154.4609600969262,0.6403889811906058
473,2019-05-28 14:26:11,22.680142,114.047737,7.124171440552153,155.2344177910718,-0.2229486251505488
473,2019-05-28 14:26:12,22.680082,114.047767,6.901222815401604,153.5807247118462,-0.4024297945283512
473,2019-05-28 14:26:13,22.68003,114.047795,6.4987930208732525,158.90113902852806,1.7804252658458335
473,2019-05-28 14:26:14,22.679975,114.047818,8.279218286719086,160.84484669852577,2.904146770572627
473,2019-05-28 14:26:15,22.67989,114.04785,11.183365057291711,164.11560378756826,1.8703060143673296
473,2019-05-28 14:26:16,22.679783,114.047883,13.053671071659045,166.17713880768895,0.769312862571935
473,2019-05-28 14:26:17,22.679663,114.047915,13.822983934230978,169.3783664287664,0.3475504520463133
473,2019-05-28 14:26:18,22.67954,114.04794,14.170534386277293,170.58636292029905,0.6026510824255791
473,2019-05-28 14:26:19,22.679412,114.047963,14.77318546870287,170.23275311878274,0.5568059252045767
473,2019-05-28 14:26:20,22.679278,114.047988,15.329991393907449,170.8837009302398,0.7215402259859527
473,2019-05-28 14:26:21,22.67914,114.048012,16.0515316198934,170.7313208663145,0.7381113168381752
473,2019-05-28 14:26:22,22.678993,114.048038,16.789642936731575,170.6315846401601,0.2910254165780763
473,2019-05-28 14:26:23,22.678842000000003,114.048065,17.08066835330965,170.35375572292878,0.1096777696704052
473,2019-05-28 14:26:24,22.67869,114.048093,17.190346122980056,170.7518977770452,0.1025758515771535
473,2019-05-28 14:26:25,22.678537,114.04812,17.29292197455721,173.21055459019396,0.1570211383319737
473,2019-05-28 14:26:26,22.678382,114.04814,17.449943112889184,174.29459568044854,0.0666512508026464
473,2019-05-28 14:26:27,22.678225,114.048157,17.51659436369183,176.30115982068412,-0.084369952592322
473,2019-05-28 14:26:28,22.678068,114.048168,17.432224411099508,176.95291101086173,0.2692640716888874
473,2019-05-28 14:26:29,22.677912,114.048177,17.701488482788395,177.39113180164304,0.2302700243059696
473,2019-05-28 14:26:30,22.67775,114.048185,17.931758507094365,176.04134736919514,-0.2679127033276458
473,2019-05-28 14:26:31,22.67759,114.048197,17.66384580376672,176.3011427430721,-0.3882934035293388
473,2019-05-28 14:26:32,22.677433,114.048208,17.27555240023738,175.86083900760082,-0.384590780797815
473,2019-05-28 14:26:33,22.67728,114.04822,16.890961619439565,175.77834755364938,-0.1624895650115903
473,2019-05-28 14:26:34,22.67713,114.048232,16.728472054427975,175.4279727238171,-0.0075526836675408
473,2019-05-28 14:26:35,22.67698,114.048245,16.720919370760434,176.48000348532742,-0.2876083818145964
473,2019-05-28 14:26:36,22.67683,114.048255,16.433310988945838,176.35894155697076,-0.6721564882795175
473,2019-05-28 14:26:37,22.676685,114.048265,15.76115450066632,176.93818828736312,-0.5549847114320468
473,2019-05-28 14:26:38,22.676547,114.048273,15.206169789234274,176.09003361016835,0.0814247750523229
473,2019-05-28 14:26:39,22.676412,114.048283,15.287594564286596,174.31370426862009,0.6709624026002121
473,2019-05-28 14:26:40,22.676273,114.048298,15.958556966886809,172.08452276188416,1.0247001713992443
473,2019-05-28 14:26:41,22.676127,114.04832,16.983257138286053,173.29613531879886,1.1907691889976348
473,2019-05-28 14:26:42,22.67597,114.04834,18.174026327283688,174.3540380507227,1.081659649994105
473,2019-05-28 14:26:43,22.675802,114.048358,19.255685977277796,175.52884887338473,0.9255047418030208
473,2019-05-28 14:26:44,22.675625,114.048373,20.181190719080814,176.00573632119222,0.7072663324099118
473,2019-05-28 14:26:45,22.67544,114.048387,20.888457051490725,176.94218046508558,0.5411417212776719
473,2019-05-28 14:26:46,22.67525,114.048398,21.4295987727684,177.56145069297918,0.5553532261786778
473,2019-05-28 14:26:47,22.675055,114.048407,21.984951998947075,177.0947942929638,0.2853116434574119
473,2019-05-28 14:26:48,22.674855,114.048418,22.270263642404487,176.83119594782283,-0.1053379442229491
473,2019-05-28 14:26:49,22.674655,114.04843,22.164925698181538,176.5331458426324,-0.6008137954507653
473,2019-05-28 14:26:50,22.674457,114.048443,21.56411190273077,175.81164593861354,-1.2127626745439102
473,2019-05-28 14:26:51,22.674268,114.048458,20.351349228186866,175.5034984333331,-1.3216741732470965
473,2019-05-28 14:26:52,22.674092,114.048473,19.02967505493977,174.56935676143985,-0.9414495119898412
473,2019-05-28 14:26:53,22.673927,114.04849,18.088225542949925,175.02502580142834,-0.8486633581758234
473,2019-05-28 14:26:54,22.673768,114.048505,17.2395621847741,175.4278611063704,-0.7882429480270581
473,2019-05-28 14:26:55,22.673618,114.048518,16.451319236747043,175.63321106221397,-0.6768109052891269
473,2019-05-28 14:26:56,22.673473,114.04853,15.774508331457916,176.1746921604631,-0.7348183865024946
473,2019-05-28 14:26:57,22.673335,114.04854,15.039689944955422,176.79922023248878,-0.4439149518791616
473,2019-05-28 14:26:58,22.673203,114.048548,14.59577499307626,175.9400453717882,-0.502606761215727
473,2019-05-28 14:26:59,22.673073,114.048558,14.093168231860531,176.994014669261,-0.9525249605194386
473,2019-05-28 14:27:00,22.67295,114.048565,13.140643271341094,176.7285499543592,-1.1713469477562413
473,2019-05-28 14:27:01,22.672837,114.048572,11.969296323584851,177.41019387721826,-1.004588285278846
473,2019-05-28 14:27:02,22.672735,114.048577,10.964708038306007,177.21965330156468,-0.5598851714841278
473,2019-05-28 14:27:03,22.67264,114.048582,10.40482286682188,178.27655932263758,1.351410569247184
473,2019-05-28 14:27:04,22.67254800000001,114.048585,11.756233436069063,176.9713849736777,0.1787245235161076
473,2019-05-28 14:27:08,22.672112,114.04861,12.471131530133494,177.01819169150167,1.394007559650289
473,2019-05-28 14:27:09,22.671988,114.048617,13.865139089783783,176.62034811067497,-0.4995770351595787
473,2019-05-28 14:27:10,22.671863,114.048625,13.365562054624204,176.78529888832486,-0.7828487042698811
473,2019-05-28 14:27:11,22.671748,114.048632,12.582713350354323,177.14461069847405,-0.3331030928577796
473,2019-05-28 14:27:12,22.671637,114.04863799999998,12.249610257496544,176.60873969084935,-0.451788844961948
473,2019-05-28 14:27:13,22.671528,114.048645,11.797821412534596,178.4605096192762,-0.6216715420394223
473,2019-05-28 14:27:14,22.671425,114.048648,11.176149870495172,180.0,-0.6126318392259691
473,2019-05-28 14:27:15,22.671327,114.048648,10.563518031269204,180.0,-0.6110431992802727
473,2019-05-28 14:27:16,22.671235,114.048648,9.952474831988932,178.78481060850822,-0.3875096442343277
473,2019-05-28 14:27:17,22.671148,114.04865,9.564965187754604,178.75622600116742,0.1712159134007294
473,2019-05-28 14:27:18,22.671063,114.048652,9.736181101155331,177.06541690184054,0.5621356509607196
473,2019-05-28 14:27:19,22.670973,114.048657,10.298316752116053,177.21961766848517,0.3357826074919288
473,2019-05-28 14:27:20,22.670878,114.048662,10.634099359607982,176.69935551816093,-0.1691939686708004
473,2019-05-28 14:27:21,22.670782,114.048668,10.46490539093718,177.7025867138757,-0.3331704854041923
473,2019-05-28 14:27:22,22.67069,114.048672,10.131734905532989,176.47984398178005,-0.101993565894789
473,2019-05-28 14:27:23,22.6706,114.048678,10.0297413396382,175.89501168933623,-0.0032805969617886
473,2019-05-28 14:27:24,22.67051,114.048685,10.026460742676411,177.0654050912758,0.1608007481579019
473,2019-05-28 14:27:25,22.67042,114.04869,10.187261490834311,177.15990996312962,1.7195511680667064
473,2019-05-28 14:27:26,22.670327,114.048695,11.90681265890102,177.94923901117863,0.3802940169108577
473,2019-05-28 14:27:29,22.669992,114.048708,13.047694709633593,177.2403140860158,3.1994251562812863
473,2019-05-28 14:27:30,22.669858,114.048715,16.24711986591488,177.8861860674931,0.2407426040930396
473,2019-05-28 14:27:33,22.669408,114.048733,16.969347678193998,177.6882191322445,0.7273849973774311
473,2019-05-28 14:27:34,22.669248,114.04874,17.69673267557143,177.32501059357787,-0.3812802199932292
473,2019-05-28 14:27:35,22.66909,114.048748,17.3154524555782,176.54865640750813,-0.4468602468010374
473,2019-05-28 14:27:36,22.668937,114.048758,16.868592208777162,177.53427640850373,-0.3405326250182625
473,2019-05-28 14:27:37,22.668787,114.048765,16.5280595837589,177.48401684874375,-0.1688049872496613
473,2019-05-28 14:27:38,22.66864,114.048772,16.35925459650924,177.84307297270925,0.0517028116889015
473,2019-05-28 14:27:39,22.668493,114.048778,16.41095740819814,178.21443817314002,-0.116942708521126
473,2019-05-28 14:27:40,22.668345,114.048783,16.294014699677014,179.27080072242973,-0.2818630763410787
473,2019-05-28 14:27:41,22.6682,114.048785,16.012151623335935,181.1090193289275,0.1151116374062866
473,2019-05-28 14:27:42,22.668057,114.048782,16.12726326074222,181.438334903689,0.6670107087136579
473,2019-05-28 14:27:43,22.66791,114.048778,16.79427396945588,181.02318104254985,0.6096225212073207
473,2019-05-28 14:27:44,22.667755,114.048775,17.4038964906632,180.6692105236109,0.4991482718231523
473,2019-05-28 14:27:45,22.667597,114.048773,17.903044762486353,180.32237524299055,0.3891681692064423
473,2019-05-28 14:27:46,22.667433,114.048772,18.292212931692795,180.64082372266725,-0.1656247842091502
473,2019-05-28 14:27:47,22.667268,114.04877,18.126588147483645,180.98506238272972,-0.3335507459420697
473,2019-05-28 14:27:48,22.667107,114.048767,17.793037401541575,180.6650051687542,-0.4454150278870941
473,2019-05-28 14:27:49,22.666948,114.048765,17.34762237365448,180.6910820962416,-0.2229120190353377
473,2019-05-28 14:27:50,22.666795,114.048763,17.124710354619143,180.34109535126697,0.1111904654623217
473,2019-05-28 14:27:51,22.66664,114.048762,17.235900820081465,180.68216728437147,0.0012216088130507
473,2019-05-28 14:27:52,22.666485,114.04876000000002,17.237122428894516,181.023191681054,-0.1111825288178316
473,2019-05-28 14:27:53,22.66633,114.048757,17.125939900076684,180.69108520019623,-0.279596034205138
473,2019-05-28 14:27:54,22.666177,114.048755,16.846343865871546,180.0,-0.1667892643072335
473,2019-05-28 14:27:55,22.666027,114.048755,16.679554601564313,180.70490706886244,-0.1663907186023721
473,2019-05-28 14:27:56,22.665877,114.048753,16.51316388296194,180.3596602785902,-0.1099063357498764
473,2019-05-28 14:27:57,22.66573,114.048752,16.403257547212064,181.42864469787065,0.0044922667197759
473,2019-05-28 14:27:58,22.665582,114.048748,16.40774981393184,181.79773867376892,0.0032080267827296
473,2019-05-28 14:27:59,22.665435,114.048743,16.41095784071457,182.14241682668268,0.1920789314254136
473,2019-05-28 14:28:00,22.665287,114.04873700000002,16.603036772139983,185.27216782611077,0.0917028739994485
473,2019-05-28 14:28:01,22.665137,114.048722,16.694739646139432,185.3073558381572,0.1860590654440024
473,2019-05-28 14:28:02,22.664988,114.048707,16.880798711583434,186.53717724245288,-0.0078095057997096
473,2019-05-28 14:28:03,22.664835,114.04868799999998,16.872989205783725,188.16082517990816,-0.6052102759549811
473,2019-05-28 14:28:04,22.664687,114.048665,16.267778929828744,192.27135803063,-0.7246897036073214
473,2019-05-28 14:28:05,22.664547,114.048632,15.543089226221422,194.50213622551507,-0.6512783170792318
473,2019-05-28 14:28:06,22.664415,114.048595,14.89181090914219,195.04766187390965,-0.951200335864968
473,2019-05-28 14:28:07,22.664288,114.048558,13.940610573277224,193.42256368379168,-0.8129058098880417
473,2019-05-28 14:28:08,22.664172,114.048528,13.12770476338918,190.4566188154606,-0.3726513805438376
473,2019-05-28 14:28:09,22.664057,114.048505,12.755053382845343,186.1135562660904,-0.5081273142850691
473,2019-05-28 14:28:10,22.663945,114.048492,12.246926068560274,179.51046113950565,-0.0833229709812091
473,2019-05-28 14:28:11,22.663837,114.048493,12.163603097579063,170.94382350169394,-0.5548179913940032
473,2019-05-28 14:28:12,22.663727,114.04851200000002,11.608785106185062,154.74934531579788,-0.5567388488992986
473,2019-05-28 14:28:13,22.663637,114.048558,11.052046257285763,145.09596523000437,0.1237312330067528
473,2019-05-28 14:28:14,22.663555,114.04862,11.175777490292516,135.00908932147615,0.1417303530093558
473,2019-05-28 14:28:15,22.663483,114.048698,11.317507843301872,126.602917420108,0.2212376058181391
473,2019-05-28 14:28:16,22.663422,114.048787,11.538745449120013,114.4233560342734,0.3034059784873388
473,2019-05-28 14:28:17,22.663378,114.048892,11.84215142760735,104.00070552718064,-0.1279856231719325
473,2019-05-28 14:28:18,22.663352,114.049005,11.714165804435416,92.19678007230289,0.2399097465261892
473,2019-05-28 14:28:19,22.663348000000006,114.049118,11.954075550961608,87.41464622740637,0.7770261534886327
473,2019-05-28 14:28:20,22.663353,114.049238,12.73110170445024,81.7462747050879,0.5077972307383227
473,2019-05-28 14:28:21,22.66337,114.049365,13.238898935188562,77.95801246469199,0.900116165093868
473,2019-05-28 14:28:22,22.663395,114.049492,14.13901510028243,73.6092087124515,0.9981270448507829
473,2019-05-28 14:28:23,22.663433,114.049632,15.137142145133213,73.53501659968572,-0.0463269983436092
473,2019-05-28 14:28:24,22.663472,114.049775,15.090815146789604,74.84131293795787,-0.4133977920322618
473,2019-05-28 14:28:25,22.663507,114.04991499999998,14.677417354757342,76.22222850900067,-0.4548415868362276
473,2019-05-28 14:28:26,22.663538,114.050052,14.222575767921114,77.59284179384997,-0.3456195805612161
473,2019-05-28 14:28:27,22.663565,114.050185,13.876956187359898,79.30712535492438,-0.0822174190162279
473,2019-05-28 14:28:28,22.663588,114.050317,13.79473876834367,81.19980619601881,0.0841727385256749
473,2019-05-28 14:28:29,22.663607,114.05045,13.878911506869343,83.13411652022933,0.2015844324913072
473,2019-05-28 14:28:30,22.663622,114.050585,14.080495939360652,85.0630088566939,0.473093778422065
473,2019-05-28 14:28:31,22.663633,114.050723,14.553589717782716,87.00524375160876,0.0680268787748641
473,2019-05-28 14:28:32,22.66364,114.050868,14.621616596557582,87.35967933111283,-0.1740833760246802
473,2019-05-28 14:28:34,22.663652,114.05115,14.27344984450822,88.6204580060384,-0.7793676209576805
473,2019-05-28 14:28:35,22.663655,114.051285,13.49408222355054,89.99997533951824,-1.2804762372240963
473,2019-05-28 14:28:36,22.663655,114.05141299999998,12.213605986326444,92.81998210472544,-1.5726636105450051
473,2019-05-28 14:28:37,22.66365,114.051523,10.64094237578144,94.47161739316424,-1.6379212734856043
473,2019-05-28 14:28:38,22.663643,114.05162,9.003021102295834,93.97374304334484,-1.4594327443909991
473,2019-05-28 14:28:39,22.663638,114.051698,7.543588357904835,88.2008619823797,-1.797228403161708
473,2019-05-28 14:28:40,22.66364,114.051767,5.746359954743127,94.3236411660148,-2.604470531377409
473,2019-05-28 14:28:41,22.663637,114.05181,3.141889423365718,96.86585506793163,-1.899365840447018
473,2019-05-28 14:28:42,22.663635,114.051828,1.2425235829187,137.29970784077085,-1.2241999648946853
473,2019-05-28 14:28:43,22.66363,114.051833,0.0183236180240147,130.12623354252685,0.0001009652133145
473,2019-05-28 14:30:29,22.663623,114.051842,0.0290259306353596,93.1014735167414,2.3368626595829465
473,2019-05-28 14:30:30,22.663622,114.051862,2.365888590218306,94.765147373356,0.7715708815787767
473,2019-05-28 14:30:31,22.66362,114.051888,3.137459471797083,93.54348010810465,0.925109448551833
473,2019-05-28 14:30:32,22.663618,114.051923,4.062568920348916,94.22573560233047,0.9337938418200772
473,2019-05-28 14:30:33,22.663615,114.051967,4.996362762168993,95.83727551965302,0.8180705783235842
473,2019-05-28 14:30:34,22.66361,114.05202,5.814433340492577,93.1014654840377,0.7128375165752949
473,2019-05-28 14:30:35,22.663607,114.05208,6.527270857067872,93.7017054178969,0.5069265118418125
473,2019-05-28 14:30:36,22.663603,114.052147,7.034197368909685,90.88691844217732,0.199936243991285
473,2019-05-28 14:30:37,22.663602,114.052217,7.23413361290097,89.99998632094605,0.0051255676640229
473,2019-05-28 14:30:38,22.663602,114.052288,7.239259180564993,85.57379848108292,-0.3265813778079147
473,2019-05-28 14:30:39,22.663607,114.052358,6.912677802757078,82.2856684094275,-0.8756885929200591
473,2019-05-28 14:30:40,22.663615,114.052422,6.036989209837019,72.32140310980401,-0.7249237841814224
473,2019-05-28 14:30:41,22.66363,114.052473,5.312065425655597,55.1369721174226,-0.2532693965114463
473,2019-05-28 14:30:42,22.663657,114.052515,5.05879602914415,33.2512995948926,0.7594538945228893
473,2019-05-28 14:30:43,22.663695,114.052542,5.81824992366704,22.75543654080684,1.4160099643941475
473,2019-05-28 14:30:44,22.66375,114.052567,7.234259888061187,15.90631540672723,1.4909670369839851
473,2019-05-28 14:30:45,22.663818,114.052588,8.725226925045172,18.074061823336024,1.168404422026617
473,2019-05-28 14:30:46,22.6639,114.052617,9.89363134707179,16.362869585315195,0.4857643523372239
473,2019-05-28 14:30:47,22.663988,114.052645,10.379395699409011,18.6933824851871,0.4816851825250516
473,2019-05-28 14:30:48,22.664078,114.052678,10.861080881934065,18.776557989658954,0.7309477414023036
473,2019-05-28 14:30:49,22.664173,114.05271299999998,11.592028623336368,19.434220925431816,0.1908746466592479
473,2019-05-28 14:30:50,22.664275,114.052752,11.782903269995616,20.833168299497004,-0.1905026359531927
473,2019-05-28 14:30:51,22.664372,114.052792,11.592400634042423,20.63856895493956,-0.2029096425370991
473,2019-05-28 14:30:52,22.66447,114.052832,11.389490991505324,23.33042699542648,-0.1152345887692103
473,2019-05-28 14:30:53,22.664562,114.052875,11.274256402736114,22.193695412696684,0.2054013098899254
473,2019-05-28 14:30:54,22.664657,114.052917,11.47965771262604,22.4566006160818,-0.0317363767768466
473,2019-05-28 14:30:55,22.664753,114.05296,11.447921335849191,22.885595691411027,-0.2151534758778677
473,2019-05-28 14:30:56,22.664847,114.053003,11.232767859971323,24.52801151911717,-0.412917627134167
473,2019-05-28 14:30:57,22.664938,114.053048,10.819850232837158,26.036763166378137,-0.1873726239316866
473,2019-05-28 14:30:58,22.665023,114.053093,10.632477608905472,29.736750107701937,0.4653245552568972
473,2019-05-28 14:30:59,22.665107,114.053145,11.097802164162369,25.467037727454,0.5457306513325655
473,2019-05-28 14:31:00,22.6652,114.053193,11.643532815494934,26.79815940562986,0.2142306070584752
473,2019-05-28 14:31:01,22.665295,114.053245,11.85776342255341,27.23981976163037,-0.4187328049697481
473,2019-05-28 14:31:02,22.66539,114.053298,11.43903061758366,30.8408637035696,-1.1324605994136636
473,2019-05-28 14:31:03,22.665475,114.053353,10.306570018169998,39.569001611680335,-1.12351734063272
473,2019-05-28 14:31:04,22.665542,114.053413,9.183052677537278,42.203616107511095,-0.5432594038271539
473,2019-05-28 14:31:05,22.6656,114.05347,8.639793273710124,36.655465742185925,-0.1966937893968001
473,2019-05-28 14:31:06,22.665662,114.05352,8.443099484313324,36.43529796113864,-0.1358248606852772
473,2019-05-28 14:31:07,22.665722,114.053568,8.307274623628047,35.41227125839873,0.0364510302002987
473,2019-05-28 14:31:08,22.665783,114.053615,8.343725653828345,31.798278195813907,-0.0288855660188342
473,2019-05-28 14:31:09,22.665847,114.053658,8.314840087809511,28.9715656176283,-0.0780533075442377
473,2019-05-28 14:31:10,22.665912,114.053697,8.236786780265273,28.345254786223904,0.4918521780251499
473,2019-05-28 14:31:11,22.665977,114.053735,8.728638958290423,31.41848144855612,1.152516015024526
473,2019-05-28 14:31:12,22.666048,114.053782,9.881154973314947,29.85217852681956,0.9162527052967882
473,2019-05-28 14:31:13,22.66613,114.053833,10.797407678611735,33.70563920621652,0.5325624554560218
473,2019-05-28 14:31:14,22.666213,114.053893,11.32997013406776,35.208463879081535,0.5676918831269155
473,2019-05-28 14:31:15,22.666298,114.053958,11.897662017194676,35.97100298315178,0.4966548638212877
473,2019-05-28 14:31:16,22.666387,114.054028,12.394316881015962,37.1881976135748,-0.1467574382454017
473,2019-05-28 14:31:17,22.666477,114.054102,12.24755944277056,37.62426241120079,-0.6840568180323778
473,2019-05-28 14:31:18,22.666562,114.054173,11.563502624738184,39.22441317863263,-0.8415212202295468
473,2019-05-28 14:31:19,22.66664,114.054242,10.721981404508636,37.634921290886325,-0.861281603987301
473,2019-05-28 14:31:20,22.666713,114.054303,9.860699800521337,38.13318773637917,-0.8536460103746375
473,2019-05-28 14:31:21,22.66678,114.05436,9.007053790146697,38.65024590210879,-1.1755644210056584
473,2019-05-28 14:31:22,22.66684,114.054412,7.831489369141039,41.48673012176141,-1.4123025469331898
473,2019-05-28 14:31:23,22.666888,114.054458,6.419186822207849,38.91794482652796,-1.604909571602767
473,2019-05-28 14:31:24,22.666928,114.054493,4.814277250605082,44.90189299074893,-1.5124136572007894
473,2019-05-28 14:31:25,22.666953,114.05452,3.301863593404293,34.68595645911296,-1.4237555951597685
473,2019-05-28 14:31:26,22.666973,114.05453500000002,1.8781079982445243,42.69959380742745,-1.8424463879810384
473,2019-05-28 14:31:27,22.66698,114.054542,0.0356616102634861,58.231718116308,0.0002340494238444
473,2019-05-28 14:33:06,22.666992,114.054563,0.05883250322409,41.4329131606537,4.212564859160401
473,2019-05-28 14:33:07,22.667015,114.054585,4.271397362384491,36.80323370099472,1.6717002973862467
473,2019-05-28 14:33:08,22.667052,114.05461499999998,5.9430976597707375,40.78038053445084,1.5105908712395897
473,2019-05-28 14:33:09,22.667098,114.054658,7.453688531010327,38.98801511680625,1.3371277891668765
473,2019-05-28 14:33:10,22.667155,114.054708,8.790816320177203,39.94889668022205,1.0481146102772794
473,2019-05-28 14:33:11,22.66722,114.054767,9.838930930454485,40.59151423775364,0.8227470518298414
473,2019-05-28 14:33:12,22.66729,114.054832,10.661677982284324,41.13863692806677,0.8091096785299676
473,2019-05-28 14:33:13,22.667365,114.054903,11.470787660814292,43.06343731506536,0.6333700569645497
473,2019-05-28 14:33:14,22.667443,114.054982,12.104157717778842,42.34927557526618,0.618235263079681
473,2019-05-28 14:33:15,22.667525,114.055063,12.722392980858524,41.710562892987696,0.5366576367458435
473,2019-05-28 14:33:16,22.667613,114.055148,13.259050617604366,41.73285727013024,0.1512762552473479
473,2019-05-28 14:33:17,22.667703,114.055235,13.410326872851714,41.73283859390517,0.1029346731482867
473,2019-05-28 14:33:18,22.667793,114.055322,13.513261546,42.69939855350327,0.4127721158144339
473,2019-05-28 14:33:19,22.667883,114.05541200000002,13.926033661814436,42.09235431067498,0.5432534385664773
473,2019-05-28 14:33:20,22.667978,114.055505,14.469287100380912,41.52391864422202,0.4196801663433334
473,2019-05-28 14:33:21,22.668077,114.0556,14.888967266724244,41.83946962838127,0.4880156436118508
473,2019-05-28 14:33:22,22.668178,114.055698,15.376982910336096,41.872635769802685,0.4196493037005133
473,2019-05-28 14:33:23,22.668283,114.0558,15.79663221403661,41.61325137280386,0.1248340625376496
473,2019-05-28 14:33:24,22.66839,114.055903,15.92146627657426,41.071693629823415,0.1255964978659403
473,2019-05-28 14:33:25,22.668498,114.056005,16.0470627744402,40.82795745083064,0.2108628058855011
473,2019-05-28 14:33:26,22.668608,114.056108,16.2579255803257,42.17082465284744,-0.3239556768258911
473,2019-05-28 14:33:27,22.668717,114.056215,15.93396990349981,42.42072300200596,-0.6252927525124079
473,2019-05-28 14:33:28,22.66882,114.056317,15.308677150987402,40.69671835041504,-0.1843484104833148
473,2019-05-28 14:33:29,22.668923,114.056413,15.124328740504088,39.55935130759229,0.224100486685824
473,2019-05-28 14:33:30,22.669028,114.056507,15.34842922718991,38.80720856356595,0.0755037537919491
473,2019-05-28 14:33:31,22.669137,114.056602,15.42393298098186,39.59035111857622,-0.2799808752270358
473,2019-05-28 14:33:32,22.669243,114.056697,15.143952105754824,39.52761637263916,-0.5911683295545522
473,2019-05-28 14:33:33,22.669347,114.05679,14.552783776200272,40.86216693586937,-0.9673948818918364
473,2019-05-28 14:33:34,22.669443,114.05688,13.585388894308435,40.713165650575775,-0.9644313559102962
473,2019-05-28 14:33:35,22.669532,114.05696299999998,12.62095753839814,39.15194620607116,-0.982239818504988
473,2019-05-28 14:33:36,22.669617,114.057038,11.638717719893153,40.3610057895088,-1.0947161519140458
473,2019-05-28 14:33:37,22.669693,114.057108,10.544001567979103,41.83480725934538,-1.218685467794124
473,2019-05-28 14:33:38,22.66976,114.057173,9.32531610018498,47.18759698080254,-1.0286160545657914
473,2019-05-28 14:33:39,22.669813,114.057235,8.29670004561919,59.10046180554349,-0.5405279487894141
473,2019-05-28 14:33:40,22.66985,114.057302,7.756172096829776,71.1911356786211,-0.3327772521268137
473,2019-05-28 14:33:41,22.669872,114.057372,7.423394844702962,83.03805446757389,0.4266068124910012
473,2019-05-28 14:33:42,22.66988,114.057443,7.850001657193963,97.52867372066125,1.2498821453595823
473,2019-05-28 14:33:43,22.66987,114.057525,9.099883802553546,109.86186010082416,1.2223835062826964
473,2019-05-28 14:33:44,22.66984,114.05761499999998,10.322267308836242,116.12928371955638,0.9342512564891674
473,2019-05-28 14:33:45,22.669797,114.05771,11.25651856532541,121.57005778701512,0.7624412238492511
473,2019-05-28 14:33:46,22.669742000000006,114.057807,12.01895978917466,123.89754796027108,0.710712774521026
473,2019-05-28 14:33:47,22.66968,114.057907,12.729672563695686,124.6646305443735,0.7063445395777634
473,2019-05-28 14:33:48,22.669613,114.058012,13.43601710327345,124.9725972451248,0.8785655927448577
473,2019-05-28 14:33:49,22.669542,114.058122,14.314582696018308,126.77428761005342,1.0396669470851254
473,2019-05-28 14:33:50,22.669462,114.058238,15.354249643103431,126.60772924432888,0.8931443006098263
473,2019-05-28 14:33:51,22.669377,114.05836200000002,16.24739394371326,127.91593892796824,0.4811105992400684
473,2019-05-28 14:33:52,22.669285,114.05849,16.728504542953328,127.4861005769186,0.034064123114831
473,2019-05-28 14:33:53,22.669193,114.05862,16.76256866606816,128.21658275147252,0.0341790692661518
473,2019-05-28 14:33:54,22.6691,114.058748,16.79674773533431,127.78559519612604,0.311329818212652
473,2019-05-28 14:33:55,22.669007,114.058878,17.108077553546963,127.53538612439309,0.3936129804364618
473,2019-05-28 14:33:56,22.668912,114.059012,17.501690533983425,126.72434977239963,0.230772423939058
473,2019-05-28 14:33:57,22.668817,114.05915,17.732462957922483,127.2981155201246,0.1824878075240512
473,2019-05-28 14:33:58,22.66872,114.059288,17.914950765446534,127.18403098053386,0.2307021974012286
473,2019-05-28 14:33:59,22.668622,114.059428,18.145652962847763,127.07282826606752,0.0819192990690069
473,2019-05-28 14:34:00,22.668523,114.05957,18.22757226191677,126.79342041295564,-0.0744022174152085
473,2019-05-28 14:34:01,22.668425,114.059712,18.15317004450156,126.9878025604138,-0.156395594657777
473,2019-05-28 14:34:02,22.668327,114.059853,17.996774449843784,127.09879495167912,-0.22327090226905
473,2019-05-28 14:34:03,22.66823,114.059992,17.773503547574734,126.7242132526306,-0.3307461360932819
473,2019-05-28 14:34:04,22.668135,114.06013,17.442757411481452,126.44698609261197,-0.7512414051075247
473,2019-05-28 14:34:05,22.668043,114.060265,16.691516006373927,126.27316852182751,-1.254757341171647
473,2019-05-28 14:34:06,22.667957,114.060392,15.43675866520228,126.66630885040388,-1.6674951883038602
473,2019-05-28 14:34:07,22.667878,114.060507,13.76926347689842,126.11550924123544,-1.9729313282020016
473,2019-05-28 14:34:08,22.66781,114.060608,11.796332148696418,126.80664342048522,-1.9064468787357232
473,2019-05-28 14:34:09,22.667752,114.060692,9.889885269960695,127.18385473338992,-1.789936339937011
473,2019-05-28 14:34:10,22.667703,114.060762,8.099948930023684,128.24351188702065,-2.0219763286899117
473,2019-05-28 14:34:11,22.667663,114.060817,6.077972601333773,132.08492988098476,-2.004031741847381
473,2019-05-28 14:34:12,22.667633,114.060853,4.073940859486392,129.10360512508214,-1.808516914201576
473,2019-05-28 14:34:13,22.667615,114.060877,2.265423945284816,130.92423924096465,-2.192660598859023
473,2019-05-28 14:34:14,22.667607,114.060887,0.072763346425793,129.10360089130847,0.0008206863827544
473,2019-05-28 14:35:08,22.66759200000001,114.060907,0.1170804110945313,125.84709570768688,4.695737188160396
473,2019-05-28 14:35:09,22.667572,114.060937,4.812817599254927,127.6192006680186,1.999304403621081
473,2019-05-28 14:35:10,22.66754,114.060982,6.812122002876008,127.83498560187708,1.7154912120896535
473,2019-05-28 14:35:11,22.667497,114.061042,8.527613214965662,126.0329169813017,1.155976756359841
473,2019-05-28 14:35:12,22.667448,114.061115,9.683589971325503,125.6767013708411,1.0005032385710368
473,2019-05-28 14:35:13,22.66739500000001,114.061195,10.68409320989654,124.93003188036556,1.139199691193955
473,2019-05-28 14:35:14,22.667337,114.061285,11.823292901090497,125.70801875831847,1.014035547765488
473,2019-05-28 14:35:15,22.667272,114.061383,12.837328448855985,125.84701285869914,0.8752565224722346
473,2019-05-28 14:35:16,22.667202,114.06148799999998,13.712584971328218,125.60341263187668,0.8247129355407843
473,2019-05-28 14:35:17,22.667128,114.0616,14.537297906869002,126.5382553681,0.4785778981528583
473,2019-05-28 14:35:18,22.667048,114.061717,15.01587580502186,126.64551251644885,0.1898646046536445
473,2019-05-28 14:35:19,22.666967,114.06183500000002,15.205740409675505,126.52108909563616,0.2723881374477503
473,2019-05-28 14:35:20,22.666885,114.061955,15.478128547123257,126.17723017537298,0.264151959427533
473,2019-05-28 14:35:21,22.666802,114.062078,15.742280506550788,126.60719743400796,0.338464333180994
473,2019-05-28 14:35:22,22.666717,114.062202,16.080744839731782,126.3745595449828,0.4128446846602003
473,2019-05-28 14:35:23,22.66663,114.06233,16.493589524391982,126.87922778450036,0.1820228281203171
473,2019-05-28 14:35:24,22.66654,114.06246000000002,16.6756123525123,126.87920974592453,6.999371734650595e-06
473,2019-05-28 14:35:25,22.66645,114.06259,16.675619351884034,126.8791916986089,0.0573709150432897
473,2019-05-28 14:35:26,22.66636,114.06272,16.732990266927324,125.64180047633609,0.1751122575673598
473,2019-05-28 14:35:27,22.666272,114.062853,16.908102524494684,125.54345335461473,0.3892705230838551
473,2019-05-28 14:35:28,22.666183,114.062988,17.29737304757854,125.16098982500448,0.3258388901180851
473,2019-05-28 14:35:29,22.66609200000001,114.063128,17.623211937696624,124.48322280472928,-0.1159684980931707
473,2019-05-28 14:35:30,22.666002,114.06327,17.507243439603453,125.25107156856086,-0.4535488911429581
473,2019-05-28 14:35:31,22.665912,114.063408,17.053694548460495,124.30675789172405,-0.6326461933014222
473,2019-05-28 14:35:32,22.665827,114.063543,16.421048355159073,124.5614066236882,-0.8122279622628081
473,2019-05-28 14:35:33,22.665745,114.063672,15.608820392896265,124.9373646374263,-0.9491864480288807
473,2019-05-28 14:35:34,22.665667000000006,114.063793,14.659633944867384,124.38922025760372,-1.1915270677440457
473,2019-05-28 14:35:35,22.665595,114.063907,13.468106877123338,125.71180917227537,-1.4548420281754328
473,2019-05-28 14:35:36,22.665528,114.064008,12.013264848947903,124.92966585817226,-1.4245379725228489
473,2019-05-28 14:35:37,22.66547000000001,114.064098,10.588726876425056,124.11008613077826,-1.5380827993961788
473,2019-05-28 14:35:38,22.66542,114.064178,9.050644077028878,122.90207131394304,-1.534335191909184
473,2019-05-28 14:35:39,22.66538,114.064245,7.516308885119693,121.3158446749796,-1.5864209461971788
473,2019-05-28 14:35:40,22.665348,114.064302,5.929887938922515,125.16085132853992,-1.0464703075712478
473,2019-05-28 14:35:41,22.665322,114.064342,4.883417631351267,113.19204153955252,-1.1548133123536823
473,2019-05-28 14:35:42,22.665305,114.06438500000002,3.7286043189975846,122.63400316173,-2.0282335851163653
473,2019-05-28 14:35:43,22.665292,114.064407,1.7003707338812193,89.9999984448159,-1.6339418364229703
473,2019-05-28 14:35:44,22.665292,114.064415,0.0664288974582487,87.51791066987664,0.0013125959000229
473,2019-05-28 14:36:34,22.665293,114.06444,0.1320586924593973,117.17267412675824,6.335431683125643
473,2019-05-28 14:36:35,22.665275,114.064478,6.46749037558504,123.03250601680554,3.4518380910904654
473,2019-05-28 14:36:36,22.665233,114.064548,9.919328466675504,120.1895833815728,1.563451238904234
473,2019-05-28 14:36:37,22.665182,114.064643,11.48277970557974,119.64899870038836,0.5191521198984592
473,2019-05-28 14:36:38,22.66513,114.064742,12.0019318254782,117.99605636177984,1.1590270682124313
473,2019-05-28 14:36:39,22.665078,114.064848,13.16095889369063,118.45079926229926,1.1951884667678936
473,2019-05-28 14:36:40,22.665018,114.064968,14.356147360458523,115.024082369704,0.6207823763717375
473,2019-05-28 14:36:41,22.664962,114.065098,14.97692973683026,114.58679350788408,0.4899233214351035
473,2019-05-28 14:36:42,22.664905,114.065233,15.466853058265364,113.80781186931272,0.4002227403158382
473,2019-05-28 14:36:43,22.664848000000006,114.065373,15.867075798581205,112.85219407207472,0.2083267348349569
473,2019-05-28 14:36:44,22.664792,114.065517,16.07540253341616,107.63447837289948,0.2721798592508904
473,2019-05-28 14:36:45,22.664748,114.065667,16.34758239266705,104.78731354372746,0.6849064115729817
473,2019-05-28 14:36:46,22.66471,114.065823,17.03248880424003,108.49357612067968,0.408224776165607
473,2019-05-28 14:36:47,22.66466,114.065985,17.44071358040564,105.60140861117492,0.0224738170433838
473,2019-05-28 14:36:48,22.664618,114.066148,17.463187397449023,102.79590545178104,0.2113731905931501
473,2019-05-28 14:36:49,22.664583,114.066315,17.674560588042173,101.17835243085663,0.1358855281477886
473,2019-05-28 14:36:50,22.664552,114.066485,17.81044611618996,98.59863272204478,0.2101764711510156
473,2019-05-28 14:36:51,22.664528,114.066657,18.020622587340977,97.0203714568164,0.3247621473943347
473,2019-05-28 14:36:52,22.664508,114.066833,18.345384734735312,93.78885838219368,0.4169603888146795
473,2019-05-28 14:36:53,22.664497,114.067013,18.76234512354999,93.35238194255822,0.1924343065640563
473,2019-05-28 14:36:54,22.664487,114.067198,18.954779430114048,92.36076976448568,-0.4732686896212499
473,2019-05-28 14:36:55,22.66448,114.067382,18.4815107404928,91.7633463541423,-0.7760189457212086
473,2019-05-28 14:36:56,22.664475,114.067558,17.70549179477159,91.10203131177992,-0.5691202649509357
473,2019-05-28 14:36:57,22.664472,114.067727,17.136371529820654,89.99996821010313,-0.4111517740510706
473,2019-05-28 14:36:58,22.664472,114.067892,16.725219755769583,89.6143189749439,-0.4104302492026335
473,2019-05-28 14:36:59,22.664473,114.068053,16.31478950656695,89.9999697512136,-0.5640471880509565
473,2019-05-28 14:37:00,22.664473,114.06821,15.750742318515991,89.1721541865133,-0.8725616032981236
473,2019-05-28 14:37:01,22.664475,114.06836,14.87818071521787,90.88691058931818,-0.769561277555896
473,2019-05-28 14:37:02,22.664473,114.0685,14.108619437661972,89.08019243153228,-0.4086274354955641
473,2019-05-28 14:37:03,22.664475,114.068635,13.69999200216641,89.05929257746322,-0.1039586593347028
473,2019-05-28 14:37:04,22.664477,114.068767,13.596033342831706,89.9999743747872,0.1534573995131474
473,2019-05-28 14:37:05,22.664477,114.0689,13.749490742344854,89.99997399082088,0.4617366292900673
473,2019-05-28 14:37:06,22.664477,114.069035,14.21122737163492,89.99997264171759,0.5643447695674269
473,2019-05-28 14:37:07,22.664477,114.069177,14.775572141202348,89.99997187091469,0.615648840358789
473,2019-05-28 14:37:08,22.664477,114.069323,15.391220981561135,89.99997033017513,0.6160351699662563
473,2019-05-28 14:37:09,22.664477,114.069477,16.007256151527393,90.78587710627374,0.1539085320888951
473,2019-05-28 14:37:10,22.664475,114.069635,16.16116468361629,89.99996975121314,-0.1029905594467699
473,2019-05-28 14:37:11,22.664475,114.069792,16.05817412416952,89.99996994341433,-0.1026081411203012
473,2019-05-28 14:37:12,22.664475,114.069948,15.955565983049215,89.99997013682139,-0.0513040708865037
473,2019-05-28 14:37:13,22.664475,114.070103,15.904261912162712,89.99997013682139,0.2565203531271152
473,2019-05-28 14:37:14,22.664475,114.070258,16.16078226528983,89.99996917297932,0.3591284949001156
473,2019-05-28 14:37:15,22.664475,114.070418,16.519910760189944,89.99996878801034,0.0
473,2019-05-28 14:37:16,22.664475,114.07058,16.519910760189944,89.99996917297932,0.0516770112064257
473,2019-05-28 14:37:17,22.664475,114.07074,16.57158777139637,89.23816575550467,0.4613636950477797
473,2019-05-28 14:37:18,22.664477,114.070903,17.03295146644415,90.73472704490234,0.2565201024156565
473,2019-05-28 14:37:19,22.664475,114.071072,17.289471568859806,89.26083494148855,0.0513043222506368
473,2019-05-28 14:37:20,22.664477,114.07124,17.340775891110443,90.73040520630884,-0.1524734633399838
473,2019-05-28 14:37:21,22.664475,114.07141,17.18830242777046,90.7525381289526,0.1613845496325794
473,2019-05-28 14:37:22,22.664473,114.071575,17.34968697740304,92.86880780738936,0.5498663708127367
473,2019-05-28 14:37:23,22.664465,114.071748,17.899553348215775,95.30678859788064,0.0623809629353999
473,2019-05-28 14:37:24,22.66445,114.071923,17.961934311151175,87.51789690716339,-0.3111412727477898
473,2019-05-28 14:37:25,22.664457,114.072098,17.650793038403386,94.40009521404323,-0.2266590351292556
473,2019-05-28 14:37:26,22.664445,114.072267,17.42413400327413,92.55494307905212,0.2195674976426822
473,2019-05-28 14:37:27,22.664438,114.072437,17.643701500916812,95.72333422092412,0.3158528038620325
473,2019-05-28 14:37:28,22.664422,114.07261,17.959554304778845,96.7103761635184,-0.1273229279334877
473,2019-05-28 14:37:29,22.664403,114.072785,17.832231376845357,97.265541746866,-0.632311779704704
473,2019-05-28 14:37:30,22.664383,114.072955,17.199919597140653,98.74670610948316,-0.939350439577062
473,2019-05-28 14:37:31,22.66436,114.073117,16.26056915756359,99.37295273721357,-1.2492653704466168
473,2019-05-28 14:37:32,22.664337,114.073268,15.011303787116974,105.26578727865144,-1.1991618235968655
473,2019-05-28 14:37:33,22.664303,114.073403,13.812141963520109,109.5604143796902,-1.139475321810556
473,2019-05-28 14:37:34,22.664263,114.073525,12.672666641709553,107.70823918778729,-1.0995038449075487
473,2019-05-28 14:37:35,22.66423,114.073637,11.573162796802004,107.51754564706232,-1.0789165024307223
473,2019-05-28 14:37:36,22.6642,114.07374,10.494246294371282,107.64259160523147,-1.0955046409049023
473,2019-05-28 14:37:37,22.664173,114.073832,9.39874165346638,106.71487180249994,-0.962578982918224
473,2019-05-28 14:37:38,22.66415,114.073915,8.436162670548155,99.58596218407403,-1.0665962405466196
473,2019-05-28 14:37:39,22.664138,114.073992,7.369566430001535,97.59705029433373,-0.9619311798482136
473,2019-05-28 14:37:40,22.66413,114.074057,6.407635250153322,102.63729128582452,-1.1202546428155866
473,2019-05-28 14:37:41,22.664118,114.074115,5.287380607337735,105.8450776723601,-1.7502791627120464
473,2019-05-28 14:37:42,22.664107,114.074157,3.537101444625689,99.83666492337602,-1.4153394808929955
473,2019-05-28 14:37:43,22.664103,114.074182,2.121761963732693,93.8747305295388,-0.940456077602611
473,2019-05-28 14:37:44,22.664102,114.074198,1.1813058861300825,89.99999864583788,-1.0134474270652003
473,2019-05-28 14:37:45,22.664102,114.074205,0.1678584590648819,96.18489652044047,0.0033734640911269
473,2019-05-28 14:38:19,22.664097,114.074255,0.2825562381631993,103.540046191586,5.429974051244443
473,2019-05-28 14:38:20,22.664087,114.0743,5.712530289407642,104.46786630182356,1.7146428563914835
473,2019-05-28 14:38:21,22.664072,114.074363,7.427173145799125,104.9707318548239,2.4946574802367056
473,2019-05-28 14:38:22,22.664053,114.07444,9.921830626035833,108.32097640228426,2.9289290252829225
473,2019-05-28 14:38:23,22.66402,114.074548,12.850759651318754,111.85310361246736,1.854408698440439
473,2019-05-28 14:38:24,22.663973,114.074675,14.705168349759193,113.8916164290208,1.297405426931233
473,2019-05-28 14:38:25,22.663917,114.074812,16.002573776690426,116.59871020550838,0.7992346578310929
473,2019-05-28 14:38:26,22.66385,114.074957,16.80180843452152,116.46900795845296,0.2124081629101653
473,2019-05-28 14:38:27,22.663782,114.075105,17.014216597431684,117.13742995225248,0.3605423034562811
473,2019-05-28 14:38:28,22.663712,114.075253,17.374758900887965,118.13383142398636,0.7690779770058782
473,2019-05-28 14:38:29,22.663637,114.075405,18.143836877893843,121.31036796041415,0.7340411683578587
473,2019-05-28 14:38:30,22.66355,114.07556,18.877878046251706,122.69733462262444,0.4085250809254361
473,2019-05-28 14:38:31,22.663457,114.075717,19.286403127177135,121.76757860179124,0.2490978628479609
473,2019-05-28 14:38:32,22.663365,114.075878,19.5355009900251,123.3040274619142,0.3163220973728826
473,2019-05-28 14:38:33,22.663268,114.07603799999998,19.85182308739798,124.04390162485775,0.1780555932617815
473,2019-05-28 14:38:34,22.663167,114.0762,20.029878680659763,123.7799136315012,-0.3597726601153148
473,2019-05-28 14:38:35,22.663067,114.07636200000002,19.67010602054445,124.6891273510933,-0.5067039397914357
473,2019-05-28 14:38:36,22.662968,114.076517,19.163402080753013,124.21377831139512,-0.2100012146265122
473,2019-05-28 14:38:37,22.662872,114.07667,18.9534008661265,123.93533241810172,-0.3701991049685276
473,2019-05-28 14:38:38,22.662777,114.076823,18.583201761157973,125.3744051494973,-0.3309263460939995
473,2019-05-28 14:38:39,22.662682,114.076968,18.252275415063973,127.07163517828415,-0.3550013282088393
473,2019-05-28 14:38:40,22.662583,114.07711,17.897274086855134,126.1406026460595,-0.789463306226029
473,2019-05-28 14:38:41,22.66249,114.077248,17.107810780629105,124.504688512896,-0.8420445985029978
473,2019-05-28 14:38:42,22.662405,114.077382,16.265766182126107,122.69496956521158,-0.8972654178693755
473,2019-05-28 14:38:43,22.662328,114.077512,15.368500764256732,122.0272704661886,-0.7580417367376313
473,2019-05-28 14:38:44,22.662257,114.077635,14.6104590275191,122.36118358520912,-0.583406873441275
473,2019-05-28 14:38:45,22.662188,114.077753,14.027052154077824,120.69593026648238,-0.6099015626096307
473,2019-05-28 14:38:46,22.662125,114.077868,13.417150591468197,120.5869208632194,-0.655567610727994
473,2019-05-28 14:38:47,22.662065,114.077978,12.7615829807402,120.70742477072643,-0.7300383639247645
473,2019-05-28 14:38:48,22.662008,114.078082,12.031544616815436,122.2985266996792,-0.7346481413581429
473,2019-05-28 14:38:49,22.661952,114.078178,11.296896475457292,125.37425746275652,-0.8023881281683654
473,2019-05-28 14:38:50,22.661895,114.078265,10.494508347288928,125.16016223829048,-0.727298586196536
473,2019-05-28 14:38:51,22.661843,114.078345,9.767209761092392,125.84594447113976,-0.6945339481367672
473,2019-05-28 14:38:52,22.661793,114.07842,9.072675812955625,126.24389003530382,-0.7179781087397288
473,2019-05-28 14:38:53,22.661747,114.078488,8.354697704215896,125.41868185120234,-0.8984629423465647
473,2019-05-28 14:38:54,22.661705,114.078552,7.456234761869331,130.36226190308605,-1.3781053955865763
473,2019-05-28 14:38:55,22.661665,114.078603,6.078129366282755,129.1023810780747,-1.1497168966354536
473,2019-05-28 14:38:56,22.661635,114.078643,4.928412469647301,123.965310924164,-0.6875813423224404
473,2019-05-28 14:38:57,22.661612,114.07868,4.240831127324861,122.75822100539682,-0.7488194177295653
473,2019-05-28 14:38:58,22.661593,114.078712,3.492011709595296,130.30072671490234,-0.847485242912299
473,2019-05-28 14:38:59,22.661575,114.078735,2.6445264666829966,127.41374708793136,-0.9470082067366
473,2019-05-28 14:39:00,22.661563,114.078752,1.6975182599463967,137.2992757403964,-1.585095018689427
473,2019-05-28 14:39:01,22.661555,114.07876,0.1124232412569697,136.0280723339473,0.0017958004192774
473,2019-05-28 14:39:41,22.661533,114.078783,0.1842552580280696,123.79520340443946,4.224668175619324
473,2019-05-28 14:39:42,22.661512,114.078817,4.408923433647393,126.9630220145715,0.6114846863519388
473,2019-05-28 14:39:43,22.661487,114.078853,5.020408119999332,123.62286929257796,1.0259514570910726
473,2019-05-28 14:39:44,22.66146,114.078897,6.046359577090405,122.2311681282888,1.061871177122086
473,2019-05-28 14:39:45,22.661428,114.078952,7.1082307542124905,121.04935426028716,0.6708247281229092
473,2019-05-28 14:39:46,22.661393,114.07901499999998,7.7790554823354,123.69804592108034,0.9116848982531334
473,2019-05-28 14:39:47,22.661353,114.07908,8.690740380588533,124.74294346653949,1.7526543017279348
473,2019-05-28 14:39:48,22.661305,114.079155,10.443394682316468,126.74210549011173,2.121321562935228
473,2019-05-28 14:39:49,22.661243,114.079245,12.564716245251695,125.46626861408902,1.792027201143025
473,2019-05-28 14:39:50,22.661172,114.079353,14.35674344639472,126.07369438463944,1.477457564609212
473,2019-05-28 14:39:51,22.661092,114.079472,15.834201011003932,125.7418371376175,1.29662877991999
473,2019-05-28 14:39:52,22.661005,114.079603,17.130829790923922,125.748507889437,0.5606494787977461
473,2019-05-28 14:39:53,22.660912,114.079743,17.69147926972167,126.23514971643095,-0.4539304215538884
473,2019-05-28 14:39:54,22.660818,114.079882,17.23754884816778,125.64070461524108,-0.3797526776721263
473,2019-05-28 14:39:55,22.66073,114.080015,16.857796170495654,126.25259153777267,0.3797676605700779
473,2019-05-28 14:39:56,22.66064,114.080148,17.23756383106573,125.64953954859136,0.4305202794510201
473,2019-05-28 14:39:57,22.660548,114.080287,17.66808411051675,125.55527681933916,0.0513872761180138
473,2019-05-28 14:39:58,22.660455,114.080428,17.719471386634766,125.11565536167645,-0.0246576628871579
473,2019-05-28 14:40:00,22.660272,114.08071,17.67015606086045,125.45517153252104,0.4242361246993411
473,2019-05-28 14:40:01,22.66018,114.08085,18.09439218555979,125.3738187361696,0.2091863933946373
473,2019-05-28 14:40:04,22.659895,114.081285,18.721951365743703,125.4182919577296,1.9196836298878357
473,2019-05-28 14:40:05,22.65979,114.081445,20.641634995631534,125.35686102290316,0.6759573811974313
473,2019-05-28 14:40:06,22.65968,114.081613,21.31759237682897,125.76541750480304,0.504923152213518
473,2019-05-28 14:40:07,22.659567000000006,114.081783,21.822515529042487,125.92372484825307,0.1327049363871371
473,2019-05-28 14:40:09,22.659335,114.08213,22.08792540181676,124.99610771958385,0.4612732054045203
473,2019-05-28 14:40:10,22.65922,114.082308,22.54919860722128,124.10884813962888,0.2037926106145313
473,2019-05-28 14:40:11,22.659105,114.082492,22.752991217835813,123.26655960939928,-0.1704206867331805
473,2019-05-28 14:40:12,22.658993,114.082677,22.582570531102636,122.31791456737376,-0.2361017968355589
473,2019-05-28 14:40:13,22.658885,114.082862,22.346468734267077,122.35847941135388,0.0867775638408367
473,2019-05-28 14:40:14,22.658778,114.083045,22.43324629810791,122.04016778451135,0.4358065675916265
473,2019-05-28 14:40:15,22.65867,114.083232,22.869052865699537,120.99631337779716,0.2191011659144344
473,2019-05-28 14:40:16,22.658563,114.083425,23.08815403161397,121.3642105337297,-0.087715061050865
473,2019-05-28 14:40:17,22.658455,114.083617,23.000438970563103,121.26038545112796,-0.087591464322049
473,2019-05-28 14:40:18,22.658348,114.083808,22.912847506241057,121.6314440187727,0.1314666004399995
473,2019-05-28 14:40:19,22.65824,114.083998,23.044314106681057,120.86568026126326,0.1317436102273426
473,2019-05-28 14:40:20,22.658133,114.084192,23.1760577169084,121.23201010455364,0.1320156854927212
473,2019-05-28 14:40:21,22.658025,114.084385,23.30807340240112,120.4798675703259,0.1363128334711731
473,2019-05-28 14:40:22,22.657918,114.084582,23.44438623587229,119.8839577990027,8.570257976637564
473,2019-05-28 14:40:23,22.657813,114.08478,32.01464421250986,73.99693303676185,0.4073419986188469
473,2019-05-28 14:40:26,22.65812,114.08583,33.2366702083664,84.05143188216391,-1.9933288663423987
473,2019-05-28 14:40:27,22.65815,114.086142,31.243341342024,86.84612899392914,-1.7094187033299768
473,2019-05-28 14:40:28,22.658165,114.08643700000002,29.533922638694023,87.78363296968632,-0.6064876017234369
473,2019-05-28 14:40:29,22.658175,114.086717,28.927435036970586,86.05713728320734,-0.4544430341041625
473,2019-05-28 14:40:30,22.658193,114.087,28.472992002866423,84.27025839463431,-1.3031223594270536
473,2019-05-28 14:40:31,22.658218,114.08727,27.16986964343937,80.58971042982989,-0.9325022757695294
473,2019-05-28 14:40:32,22.658257,114.087525,26.23736736766984,77.38793201014562,-0.450507943173676
473,2019-05-28 14:40:33,22.658308,114.087772,25.786859424496164,74.90185607585528,-0.087445944031856
473,2019-05-28 14:40:34,22.658368,114.088013,25.699413480464308,72.69575468192215,0.1962915762673382
473,2019-05-28 14:40:35,22.658437,114.088253,25.895705056731646,71.29196053399414,-0.096984348414125
473,2019-05-28 14:40:36,22.658512,114.088493,25.79872070831752,68.34575337712903,0.0469280423013245
473,2019-05-28 14:40:37,22.658597,114.088725,25.84564875061885,65.8483756478542,0.4064452789319865
473,2019-05-28 14:40:38,22.658693,114.088957,26.252094029550832,63.77677542982451,-0.3170504783093832
473,2019-05-28 14:40:39,22.658798,114.089188,25.93504355124145,63.531748191442034,-1.5795533114961555
473,2019-05-28 14:40:40,22.6589,114.08941000000002,24.355490239745293,62.99505037527928,-2.5319464713941717
473,2019-05-28 14:40:41,22.658995,114.08961200000002,21.82354376835112,62.374656242873925,-2.28848326602391
473,2019-05-28 14:40:42,22.65908,114.08978799999998,19.53506050232721,60.80089611187884,-1.8054101901217836
473,2019-05-28 14:40:43,22.659162,114.089947,17.72965031220543,61.04910100729444,-1.489939608252289
473,2019-05-28 14:40:44,22.659235,114.09009,16.23971070395314,60.30217569581009,-0.8838667238250171
473,2019-05-28 14:40:45,22.659305,114.090223,15.355843980128125,58.74888210686362,-0.4097592752372332
473,2019-05-28 14:40:46,22.659375,114.090348,14.94608470489089,59.48049879407637,0.2331983862824405
473,2019-05-28 14:40:47,22.659443,114.090473,15.17928309117333,58.83335469898867,0.47965025104941
473,2019-05-28 14:40:48,22.659515,114.090602,15.65893334222274,57.30551422949475,0.5411481551396999
473,2019-05-28 14:40:49,22.659592,114.090732,16.20008149736244,57.48493207705019,0.5522705572470521
473,2019-05-28 14:40:50,22.659672,114.090868,16.752352054609492,57.91359564287859,0.3790439237004044
473,2019-05-28 14:40:51,22.659753,114.091008,17.131395978309897,57.33882733903738,-0.2461870814187854
473,2019-05-28 14:40:52,22.659837,114.09115,16.88520889689111,57.2929257734711,-0.6579412750750926
473,2019-05-28 14:40:53,22.659917,114.091285,16.22726762181602,58.57168329361952,0.0870306114343861
473,2019-05-28 14:40:54,22.65999200000001,114.091418,16.314298233250405,57.674819562531184,0.5578075668172637
473,2019-05-28 14:40:55,22.660072,114.091555,16.87210580006767,61.7135226641102,-0.6274851255324805
473,2019-05-28 14:40:56,22.660145,114.091702,16.244620674535188,57.17672351080228,0.7137695512990767
473,2019-05-28 14:40:57,22.66022,114.091828,16.958390225834265,57.31427722971256,2.2899632841761037
473,2019-05-28 14:40:58,22.66031,114.09198,19.248353510010368,54.24046115344515,1.490252984268917
473,2019-05-28 14:40:59,22.660415,114.092138,20.738606494279285,54.23434909905393,1.3257090528241235
473,2019-05-28 14:41:00,22.660528,114.092308,22.06431554710341,55.59947894188389,1.3327336047964558
473,2019-05-28 14:41:01,22.660643,114.09248999999998,23.397049151899864,59.00088636571832,0.4768754670005073
473,2019-05-28 14:41:02,22.660755,114.092692,23.87392461890037,58.10150963752477,0.0148703766484636
473,2019-05-28 14:41:03,22.660867,114.092887,23.888794995548835,59.35145511831297,0.3517583215260202
473,2019-05-28 14:41:04,22.660978,114.09309,24.240553317074852,59.125589120404186,-0.1245149682509989
473,2019-05-28 14:41:05,22.66109,114.093293,24.116038348823857,60.8486852621474,-0.6728238188980598
473,2019-05-28 14:41:06,22.661195000000006,114.093497,23.4432145299258,63.5044657789162,-0.8024706798232408
473,2019-05-28 14:41:07,22.661287,114.093697,22.64074385010256,66.56495889033295,-0.1323246614203554
473,2019-05-28 14:41:08,22.661367,114.093897,22.5084191886822,66.87464289824669,0.2358570945792522
473,2019-05-28 14:41:09,22.661447,114.0941,22.744276283261453,67.0768307827388,-0.4588064707463637
473,2019-05-28 14:41:10,22.661527,114.094305,22.28546981251509,67.73355784205825,-0.3353424684181494
473,2019-05-28 14:41:12,22.661677,114.094702,21.61478487567879,69.37209825925675,-1.1104003860334508
473,2019-05-28 14:41:13,22.661743,114.094892,20.50438448964534,71.02992304059404,-0.7211883669380761
473,2019-05-28 14:41:14,22.661802,114.095078,19.783196122707263,72.3031773864401,-0.2981649223837586
473,2019-05-28 14:41:15,22.661855,114.095258,19.485031200323505,72.48569124207654,0.2781553350553594
473,2019-05-28 14:41:16,22.661908,114.09544,19.763186535378864,72.14254333587098,0.5226353872752476
473,2019-05-28 14:41:17,22.661963,114.095625,20.28582192265411,72.75431150704935,0.6207084804463783
473,2019-05-28 14:41:18,22.662018,114.095817,20.90653040310049,73.53516574505409,0.0690207657472896
473,2019-05-28 14:41:19,22.662072,114.096015,20.97555116884778,74.47130830027567,-0.6568593678562884
473,2019-05-28 14:41:20,22.662122,114.09621,20.31869180099149,76.0791807828889,-0.6568787545434986
473,2019-05-28 14:41:21,22.662165,114.096398,19.661813046447996,76.10623695230981,-0.2148295000744582
473,2019-05-28 14:41:22,22.662207,114.096582,19.44698354637353,77.45101471017352,0.2891828775868426
473,2019-05-28 14:41:23,22.662245,114.096767,19.736166423960377,78.14429061507406,0.6692379355380993
473,2019-05-28 14:41:24,22.662282,114.096958,20.40540435949848,79.20910151471759,0.7343998521982975
473,2019-05-28 14:41:25,22.662317,114.097157,21.139804211696774,79.56759005260227,0.7871313812560174
473,2019-05-28 14:41:26,22.662352,114.097363,21.92693559295279,79.10783231939371,0.4743537894294682
473,2019-05-28 14:41:27,22.66239,114.097577,22.40128938238226,79.43611403060254,0.0300189535862998
473,2019-05-28 14:41:28,22.662427,114.097792,22.43130833596856,79.71544569891654,-0.1683591204224015
473,2019-05-28 14:41:29,22.662463,114.098007,22.26294921554616,81.32190646343679,-0.0525502782968416
473,2019-05-28 14:41:30,22.662493,114.09822,22.21039893724932,81.40141814980893,0.1947005601826248
473,2019-05-28 14:41:31,22.662523,114.098435,22.40509949743194,81.75954595856581,-4.793322943896783e-06
473,2019-05-28 14:41:32,22.662552,114.098652,22.405094704109,81.40141450801593,-0.346866168766919
473,2019-05-28 14:41:33,22.662582,114.098867,22.05822853534208,81.19985452235227,-0.2449688422103229
473,2019-05-28 14:41:34,22.662612,114.099077,21.813259693131755,80.91133475900858,0.0682013556948142
473,2019-05-28 14:41:35,22.662643,114.09928700000002,21.88146104882657,80.66693418823434,0.0669513972962327
473,2019-05-28 14:41:36,22.662675,114.099498,21.9484124461228,82.14194074461375,-0.3598812318105473
473,2019-05-28 14:41:37,22.662702,114.09971000000002,21.58853121431225,82.4716594018725,-0.7619060854936102
473,2019-05-28 14:41:38,22.662727,114.099915,20.826625128818645,83.75313491566999,-0.573581549255028
473,2019-05-28 14:41:39,22.662747,114.100113,20.253043579563617,82.67890445309479,-0.5902229820619063
473,2019-05-28 14:41:40,22.66277,114.100307,19.66282059750171,82.36765715591315,-0.348585578399291
473,2019-05-28 14:41:41,22.662793,114.100493,19.31423501910242,82.08200816922249,0.0740418306944405
473,2019-05-28 14:41:42,22.662817,114.10068,19.38827684979686,81.43160228025204,0.1523329191294422
473,2019-05-28 14:41:43,22.662843,114.100867,19.540609768926306,82.20547628073552,0.0429691243883567
473,2019-05-28 14:41:44,22.662867,114.101057,19.58357889331466,81.79978412520529,-0.3633775485664152
473,2019-05-28 14:41:45,22.662892000000006,114.101245,19.220201344748244,82.24404196290055,0.1016172263265886
473,2019-05-28 14:41:46,22.662915,114.101428,19.321818571074832,81.88494289812888,0.2187775246774812
473,2019-05-28 14:41:47,22.66294,114.101618,19.540596095752317,81.75652984619899,-0.3712111418968007
473,2019-05-28 14:41:48,22.662965,114.101805,19.169384953855516,82.24403788539723,0.1300938096235313
473,2019-05-28 14:41:49,22.662988,114.101988,19.299478763479044,82.84798304982797,0.526617479391458
473,2019-05-28 14:41:50,22.66301,114.102178,19.826096242870506,84.25833803993584,0.2429116005606175
473,2019-05-28 14:41:51,22.663028,114.102372,20.06900784343112,83.6577939111138,0.0755834684972285
473,2019-05-28 14:41:52,22.663048,114.102567,20.144591311928348,83.02953573448826,-2.8960760403151653e-06
473,2019-05-28 14:41:53,22.66307,114.102762,20.144588415852308,83.65779198811066,-3.186354472717312e-06
473,2019-05-28 14:41:54,22.66309,114.102957,20.144585229497835,83.0295336229425,0.0574605331521169
473,2019-05-28 14:41:55,22.663112,114.103152,20.202045762649952,83.3771193881048,0.0890965003395116
473,2019-05-28 14:41:56,22.663133,114.103348,20.291142262989464,83.72165948199245,0.1082491001270504
473,2019-05-28 14:41:57,22.663153,114.103545,20.399391363116514,83.13412671464118,0.1725242836500626
473,2019-05-28 14:41:58,22.663175,114.103743,20.571915646766577,82.89623514729908,0.5473998524560599
473,2019-05-28 14:41:59,22.663198,114.103943,21.11931549922264,108.89157915366286,1.8115018098499824
473,2019-05-28 14:42:00,22.663132,114.104152,22.93081730907262,126.4987405203134,-1.035752129756819
473,2019-05-28 14:42:01,22.663005,114.10433799999998,21.8950651793158,101.22693644373707,-2.123047047847752
473,2019-05-28 14:42:02,22.662968,114.10454,19.772018131468048,105.74206516514988,-1.2300735403819054
473,2019-05-28 14:42:03,22.662923000000006,114.104713,18.541944591086143,105.57092511505527,-0.1780884937481559
473,2019-05-28 14:42:04,22.662878,114.104888,18.363856097337987,105.32855361546194,0.026774332265866
473,2019-05-28 14:42:05,22.662835,114.105058,18.390630429603853,107.29655614167145,0.4081593226950346
473,2019-05-28 14:42:06,22.662785,114.105232,18.798789752298887,108.16968351529852,0.4137542985622779
473,2019-05-28 14:42:07,22.662732,114.105407,19.212544050861165,108.94026657078264,0.6078222214537199
473,2019-05-28 14:42:08,22.662675,114.105587,19.820366272314885,111.0521980190358,0.3606714795329182
473,2019-05-28 14:42:09,22.66261,114.10577,20.181037751847803,111.93339185511996,-0.1074710620833769
473,2019-05-28 14:42:10,22.662542,114.105953,20.073566689764423,112.67159703593352,-0.0522323887777176
473,2019-05-28 14:42:11,22.662473,114.106132,20.02133430098671,112.73845274842104,0.6681174636882439
473,2019-05-28 14:42:12,22.662403,114.106313,20.689451764674956,114.09550781040446,0.9733617027961116
473,2019-05-28 14:42:13,22.662325,114.106502,21.662813467471064,116.29429213230468,0.911679418952744
473,2019-05-28 14:42:14,22.662237,114.106695,22.57449288642381,118.81448812439696,0.6969843461691951
473,2019-05-28 14:42:15,22.662137,114.106892,23.271477232593003,121.075280062707,0.1686220530724362
473,2019-05-28 14:42:16,22.662028,114.107088,23.44009928566544,124.08123087172794,0.091250731177638
473,2019-05-28 14:42:17,22.66191,114.107277,23.53135001684308,126.64629854395514,0.0574359787394271
473,2019-05-28 14:42:18,22.661783,114.107462,23.588785995582505,128.2616150346455,0.0530439626303227
473,2019-05-28 14:42:19,22.661652,114.107642,23.641829958212828,130.55843182446654,0.3035568122939978
473,2019-05-28 14:42:20,22.661513,114.107818,23.945386770506826,132.99805493680333,0.345469556517795
473,2019-05-28 14:42:21,22.661365,114.10799,24.29085632702462,135.53267997027854,0.2594476128134424
473,2019-05-28 14:42:22,22.661208,114.108157,24.550303939838063,136.59774798929078,0.2418050070322728
473,2019-05-28 14:42:23,22.661047,114.108322,24.792108946870336,138.85763588434207,-0.1156200799038558
473,2019-05-28 14:42:24,22.660878,114.108482,24.67648886696648,139.9559776555579,0.0564029314336949
473,2019-05-28 14:42:25,22.66071,114.108635,24.73289179840017,142.12979702135556,0.4910214125763552
473,2019-05-28 14:42:26,22.660532,114.108785,25.22391321097653,144.97954067457772,0.1867436560392228
473,2019-05-28 14:42:27,22.660345,114.108927,25.410656867015756,146.16807143236872,-0.0624348982862805
473,2019-05-28 14:42:28,22.660155,114.109065,25.348221968729472,146.74797690808794,-0.0754081916287781
473,2019-05-28 14:42:29,22.659965,114.1092,25.27281377710069,147.6076823189627,-0.0636911985546966
473,2019-05-28 14:42:30,22.659773,114.109332,25.209122578546,147.6693689088171,-0.3833533278134666
473,2019-05-28 14:42:31,22.659582,114.109463,24.82576925073253,147.03811578593843,-0.2987223107109535
473,2019-05-28 14:42:32,22.659397,114.109593,24.527046940021577,146.49472744674438,-0.5590453182069552
473,2019-05-28 14:42:33,22.659213,114.109725,23.968001621814626,146.75885878010865,-0.8953623743478758
473,2019-05-28 14:42:34,22.659037,114.10985,23.072639247466743,147.2255720299172,-0.7364451735614566
473,2019-05-28 14:42:35,22.658865,114.10997,22.33619407390529,146.80084428898942,-1.221180005466639
473,2019-05-28 14:42:36,22.6587,114.110087,21.11501406843865,146.9197619790374,-1.2674326628462325
473,2019-05-28 14:42:37,22.658547,114.110195,19.84758140559242,146.2472648191848,-0.7723103771283029
473,2019-05-28 14:42:38,22.658402,114.1103,19.075271028464115,146.08549354705133,-0.4199006771403404
473,2019-05-28 14:42:39,22.658262,114.110402,18.65537035132377,146.41984172846054,-0.3451419070354475
473,2019-05-28 14:42:40,22.658123,114.110502,18.310228444288327,146.18188141612546,-0.426243565552415
473,2019-05-28 14:42:41,22.657988,114.1106,17.883984878735912,145.38053507388582,-0.1608269846566692
473,2019-05-28 14:42:42,22.657857,114.110698,17.723157894079243,147.082866145587,-0.2241659326702496
473,2019-05-28 14:42:43,22.657723,114.110792,17.498991961408993,145.59243757943386,-0.4090279646907895
473,2019-05-28 14:42:44,22.657595,114.110887,17.089963996718204,146.52586950109048,-0.46609745976399
473,2019-05-28 14:42:45,22.657468,114.110978,16.623866536954214,145.53433542594132,-0.3505127184510144
473,2019-05-28 14:42:46,22.657347,114.111068,16.2733538185032,145.31213279660278,-0.357297011855886
473,2019-05-28 14:42:47,22.657227,114.111158,15.916056806647314,146.4738393800435,-0.6038444495017217
473,2019-05-28 14:42:48,22.65711,114.111242,15.312212357145592,144.50755710958924,-0.7100857249459871
473,2019-05-28 14:42:49,22.657,114.111327,14.602126632199605,143.09605419782986,-0.5072087123895788
473,2019-05-28 14:42:50,22.656898,114.11141,14.094917919810026,142.54976025104884,-0.2958601029387342
473,2019-05-28 14:42:51,22.656798,114.111493,13.799057816871292,141.7530427363423,-0.4448107238033021
473,2019-05-28 14:42:52,22.656702,114.111575,13.35424709306799,141.25431265691327,-0.8311042732551481
473,2019-05-28 14:42:53,22.65661,114.111655,12.523142819812842,139.8338749512301,-0.8273334325566211
473,2019-05-28 14:42:54,22.656528,114.11173,11.69580938725622,139.18363220560434,-0.3111845341414021
473,2019-05-28 14:42:55,22.65645,114.111803,11.384624853114818,139.2088376462002,-0.3260174385359384
473,2019-05-28 14:42:56,22.656373,114.111875,11.05860741457888,136.89857838416538,-0.3439021772052744
473,2019-05-28 14:42:57,22.656302,114.111947,10.714705237373606,138.9257550841918,0.0756521505715248
473,2019-05-28 14:42:58,22.65623,114.112015,10.79035738794513,136.90406289742384,0.4261260505644948
473,2019-05-28 14:42:59,22.656158,114.112088,11.216483438509623,135.03774832107916,0.4496944236974141
473,2019-05-28 14:43:00,22.656085,114.112167,11.66617786220704,136.20527095988194,0.3164033516329212
473,2019-05-28 14:43:01,22.656008,114.112247,11.98258121383996,137.29809865287518,0.2269550092648522
473,2019-05-28 14:43:02,22.655928,114.112327,12.209536223104813,136.24551489709222,0.3683939273567826
473,2019-05-28 14:43:03,22.655848,114.11241,12.577930150461595,135.9519722284508,0.6764022273789543
473,2019-05-28 14:43:04,22.655765,114.112497,13.25433237784055,135.7172792674325,0.5740081030320994
473,2019-05-28 14:43:05,22.655677,114.11259,13.828340480872647,136.9891842463353,0.30258065655363
473,2019-05-28 14:43:06,22.655585,114.112683,14.13092113742628,135.7842614871006,-0.0756397854007016
473,2019-05-28 14:43:07,22.655493,114.11278,14.055281352025576,136.98576950898644,-0.210592163542703
473,2019-05-28 14:43:08,22.655402,114.112872,13.844689188482874,137.6099144961953,-0.0213819816407756
473,2019-05-28 14:43:09,22.65531,114.112963,13.8233072068421,138.5507429425412,-0.2536248049799017
473,2019-05-28 14:43:10,22.655217,114.113052,13.569682401862195,138.5933415000478,-0.2482839075775516
473,2019-05-28 14:43:11,22.655127,114.113138,13.321398494284646,136.64835434025076,-0.2040119540044251
473,2019-05-28 14:43:12,22.65504,114.113227,13.11738654028022,136.9637571026782,0.0351770824434805
473,2019-05-28 14:43:13,22.654955,114.113313,13.1525636227237,136.32866046677066,0.7112738299426375
473,2019-05-28 14:43:14,22.654868,114.113403,13.863837452666338,136.09365391475836,0.7564164170764922
473,2019-05-28 14:43:15,22.654775,114.1135,14.62025386974283,136.42712177700042,0.4053802007464036
473,2019-05-28 14:43:16,22.654678,114.1136,15.025634070489234,134.7330879762378,0.0720149182711988
473,2019-05-28 14:43:17,22.654582,114.113705,15.097648988760431,135.86023897702796,-0.1906593741832907
473,2019-05-28 14:43:18,22.654485,114.113807,14.906989614577142,134.3744989509289,-0.1905237125079377
473,2019-05-28 14:43:19,22.654392,114.11391,14.716465902069205,135.52759527335667,-0.2957600639652256
473,2019-05-28 14:43:20,22.654298,114.11401,14.42070583810398,135.4709749595546,-0.7561457132126872
473,2019-05-28 14:43:21,22.654207,114.114107,13.664560124891292,135.3236821371433,-0.1907363282330418
473,2019-05-28 14:43:22,22.654123,114.114197,13.47382379665825,135.1074583474935,-1.8224886307605548
473,2019-05-28 14:43:23,22.654035,114.114292,11.651335165897695,128.1930060677588,-2.6994040166295843
473,2019-05-28 14:43:24,22.653982,114.114365,8.95193114926811,130.5765813338781,-0.3926411341810336
473,2019-05-28 14:43:25,22.653933,114.114427,8.559290015087077,135.3236336612067,-0.0103398957085971
473,2019-05-28 14:43:26,22.653877,114.114487,8.54895011937848,139.36751446881283,0.6449006886201349
473,2019-05-28 14:43:27,22.65382,114.11454,9.193850807998617,148.06789017408914,0.3311078924267754
473,2019-05-28 14:43:28,22.653743,114.114592,9.52495870042539,141.1429057624419,0.1588142144937698
473,2019-05-28 14:43:29,22.65368,114.114647,9.68377291491916,133.97508042617437,-0.7788625561370957
473,2019-05-28 14:43:30,22.653615,114.11472,8.904910358782065,136.13031974280997,-2.115832064090453
473,2019-05-28 14:43:31,22.653567,114.11477,6.789078294691612,131.69972424956285,-1.924982730182272
473,2019-05-28 14:43:32,22.65353,114.114815,4.86409556450934,133.63842348242383,-1.2711688016989342
473,2019-05-28 14:43:33,22.653508,114.11484,3.5929267628104054,123.03027105070656,-1.6261189420001845
473,2019-05-28 14:43:34,22.65349,114.11487,1.966807820810221,89.99999940759989,-1.9455033307953675
473,2019-05-28 14:43:35,22.65349,114.114873,0.0213044900148536,263.134647660636,0.0002503712965862
473,2019-05-28 14:44:47,22.653488,114.114855,0.0393312233690642,134.91135105619708,4.094480298262775
473,2019-05-28 14:44:48,22.653465,114.11488,4.13381152163184,141.93814959670823,1.6480516929344011
473,2019-05-28 14:44:49,22.653432,114.114908,5.781863214566241,139.1747419000447,1.487425864386526
473,2019-05-28 14:44:50,22.653385,114.114952,7.269289078952767,136.731669743675,1.0527129996536466
473,2019-05-28 14:44:51,22.653335,114.115003,8.322002078606413,137.77714418708126,1.100098932138275
473,2019-05-28 14:44:52,22.653275,114.115062,9.422101010744688,137.2975345864632,0.6693300104036037
473,2019-05-28 14:44:53,22.65321,114.115127,10.091431021148292,136.0449023053809,0.9133493361610104
473,2019-05-28 14:44:54,22.653143,114.115197,11.004780357309302,138.03840082636782,1.5191485624906529
473,2019-05-28 14:44:55,22.653065,114.115273,12.523928919799957,136.97467665696485,1.3557210288215504
473,2019-05-28 14:44:56,22.652977,114.115362,13.879649948621504,137.29746370246067,0.4539307004255963
473,2019-05-28 14:44:57,22.652882,114.115457,14.333580649047102,136.9951407881607,0.453931426102752
473,2019-05-28 14:44:58,22.652788,114.115552,14.787512075149854,137.29742261101035,0.7973618603105947
473,2019-05-28 14:44:59,22.652687,114.115653,15.584873935460449,137.29740042004812,0.6290154231124756
473,2019-05-28 14:45:00,22.652582,114.115758,16.213889358572924,135.99129539620583,0.7066806817043556
473,2019-05-28 14:45:01,22.652475,114.11587,16.92057004027728,136.04838714590278,0.08508546843046
473,2019-05-28 14:45:02,22.652363,114.11598700000002,17.00565550870774,137.03881565877407,0.3484079049796165
473,2019-05-28 14:45:03,22.652253,114.116098,17.354063413687356,136.8170640253615,0.3324412340394929
473,2019-05-28 14:45:04,22.652135,114.116218,17.68650464772685,136.3027505339394,0.1513047660491899
473,2019-05-28 14:45:05,22.652022,114.116335,17.83780941377604,136.8249581090604,0.3484617475353424
473,2019-05-28 14:45:06,22.651902,114.116457,18.18627116131138,137.05819313580548,-0.2212095579142641
473,2019-05-28 14:45:07,22.651783,114.116577,17.965061603397118,137.29720853414483,-0.4068827795179608
473,2019-05-28 14:45:08,22.651665,114.116695,17.558178823879157,137.79780033480233,-0.914075690046868
473,2019-05-28 14:45:09,22.65155,114.116808,16.64410313383229,136.75798262885405,-1.2163504243912922
473,2019-05-28 14:45:10,22.651445,114.116915,15.427752709440997,137.29714416699358,-1.0333322001518042
473,2019-05-28 14:45:11,22.651347,114.117013,14.394420509289192,139.1539612752144,-1.2133023465841557
473,2019-05-28 14:45:12,22.651252,114.117102,13.181118162705037,142.87580068576187,-1.8766371777867012
473,2019-05-28 14:45:13,22.651163,114.117175,11.304480984918335,137.71988561652591,-2.248311775379287
473,2019-05-28 14:45:14,22.651095,114.117242,9.056169209539048,131.285482113017,-1.6949348999673832
473,2019-05-28 14:45:15,22.651048,114.1173,7.361234309571665,128.37379966162086,-1.0968971476969989
473,2019-05-28 14:45:16,22.65101,114.117352,6.264337161874666,132.7690112311351,-1.0009205203931204
473,2019-05-28 14:45:17,22.650975,114.117393,5.2634166414815455,113.9068462471854,-0.7330826431376947
473,2019-05-28 14:45:18,22.650957,114.117437,4.530333998343851,131.1486948703115,-1.3253116710744028
473,2019-05-28 14:45:19,22.650932,114.117468,3.205022327269448,135.3230205410635,-1.2788547597589337
473,2019-05-28 14:45:20,22.650918,114.117483,1.9261675675105143,121.76527201110844,0.2273053082056477
473,2019-05-28 14:45:21,22.65091,114.117497,2.153472875716162,145.31089977388626,0.6433158861299262
473,2019-05-28 14:45:22,22.65089,114.117512,2.7967887618460883,147.8207209061636,-0.1828103641649727
473,2019-05-28 14:45:23,22.650868,114.117527,2.6139783976811155,139.1339839545127,-0.1951868409006834
473,2019-05-28 14:45:24,22.650852,114.117542,2.418791556780432,147.73018479860963,-0.3146612432833611
473,2019-05-28 14:45:25,22.650833,114.117555,2.104130313497071,134.80681690887883,-0.7268058687913548
473,2019-05-28 14:45:26,22.650822,114.117567,1.3773244447057162,135.00644679677282,0.0059335855343584
473,2019-05-28 14:45:29,22.650798,114.117593,1.3951252013087916,127.73928495803877,0.5368517094309857
473,2019-05-28 14:45:30,22.650788,114.117607,1.9319769107397773,126.68460690186193,1.2403788776430738
473,2019-05-28 14:45:31,22.650777,114.117623,3.172355788382851,140.2875679202042,1.660172800655344
473,2019-05-28 14:45:32,22.650747,114.11765,4.832528589038195,140.5422002183186,1.067787014279757
473,2019-05-28 14:45:33,22.65071,114.117683,5.900315603317952,140.636977424407,0.8639684316170531
473,2019-05-28 14:45:34,22.650665,114.117723,6.764284034935005,139.13393296924647,0.492952393855897
473,2019-05-28 14:45:35,22.650617,114.117768,7.257236428790902,134.40330400714458,0.6287757870161919
473,2019-05-28 14:45:36,22.65057,114.11782,7.886012215807094,135.21503590353916,0.7922424518788933
473,2019-05-28 14:45:37,22.650517,114.117877,8.678254667685987,134.4322845107934,0.260960224461618
473,2019-05-28 14:45:38,22.65046,114.11794,8.939214892147605,133.86765913897932,-0.37980744093535
473,2019-05-28 14:45:39,22.650405,114.118002,8.559407451212255,132.08133951850118,-0.6410585057531026
473,2019-05-28 14:45:40,22.650355,114.118062,7.918348945459153,133.85781811707068,-0.4522019727860202
473,2019-05-28 14:45:41,22.650308,114.118115,7.466146972673132,132.61451061859623,-0.0378919212609139
473,2019-05-28 14:45:42,22.650263,114.118168,7.428255051412218,132.08131170243018,-0.4148281550596806
473,2019-05-28 14:45:43,22.650218,114.118222,7.013426896352538,134.00307759645682,-0.6362918856621471
473,2019-05-28 14:45:44,22.650177,114.118268,6.377135010690391,135.90147806352508,-0.904020728770413
473,2019-05-28 14:45:45,22.650137,114.11831,5.473114281919978,134.5689372958111,-1.0989259974782408
473,2019-05-28 14:45:46,22.650107,114.118343,4.374188284441737,131.88412926064132,-0.7907427485758141
473,2019-05-28 14:45:47,22.650083,114.118372,3.583445535865923,137.2968837406666,-0.516140729025611
473,2019-05-28 14:45:48,22.650062,114.118393,3.067304806840312,138.75796501593982,-0.629543307130763
473,2019-05-28 14:45:49,22.650042000000006,114.118412,2.437761499709549,144.05354870551753,-0.7544535715201948
473,2019-05-28 14:45:50,22.650028,114.118423,1.6833079281893542,140.2874197803742,-0.6014487441169347
473,2019-05-28 14:45:51,22.650018,114.118432,1.0818591840724194,155.2296420435714,-1.032032361593424
473,2019-05-28 14:45:52,22.650012,114.118435,0.0498268224789955,146.47247116320847,0.0002122459807331
473,2019-05-28 14:47:50,22.649973000000006,114.118463,0.0748718482055044,132.70829380238175,3.925591249908179
473,2019-05-28 14:47:51,22.64995,114.11849,4.000463098113683,137.29685400508043,0.3468579460939782
473,2019-05-28 14:47:52,22.649922,114.118518,4.3473210442076615,136.3276289638079,0.2622182591028572
473,2019-05-28 14:47:53,22.649893,114.118548,4.609539303310519,136.38922772207002,0.1111926034269537
473,2019-05-28 14:47:54,22.649862,114.11858,4.720731906737472,135.45038837452404,-0.1111916447782332
473,2019-05-28 14:47:55,22.649832,114.118612,4.609540261959239,137.29682887152592,-0.2622174677287354
473,2019-05-28 14:47:56,22.649802,114.118642,4.347322794230504,136.2570280952948,-0.3860697200848109
473,2019-05-28 14:47:57,22.649775,114.11867,3.961253074145693,132.7082526007111,-0.143961779171672
473,2019-05-28 14:47:58,22.649752,114.118697,3.8172912949740208,124.95649529211732,0.0884089411783386
473,2019-05-28 14:47:59,22.649732,114.118728,3.90570023615236,114.90951791530443,0.3774286024022935
473,2019-05-28 14:48:00,22.64971700000001,114.118763,4.283128838554653,99.56755776748912,0.8041212218149525
473,2019-05-28 14:48:01,22.64971,114.118808,5.087250060369605,87.70181875083586,0.6353955722705864
473,2019-05-28 14:48:02,22.649712,114.118862,5.722645632640192,73.81506091515053,0.7337218887363992
473,2019-05-28 14:48:03,22.649727,114.118918,6.456367521376591,61.55184223946293,1.750566386348294
473,2019-05-28 14:48:04,22.649757,114.118978,8.206933907724885,49.07942861088992,2.1248614336454548
473,2019-05-28 14:48:05,22.649813,114.119048,10.33179534137034,46.57712589147718,0.8698895942086224
473,2019-05-28 14:48:06,22.649882,114.119127,11.201684935578962,45.39438326785461,0.3432546973183807
473,2019-05-28 14:48:07,22.649953,114.119205,11.544939632897345,45.25692898172935,0.7898814590544649
473,2019-05-28 14:48:08,22.650028,114.119287,12.334821091951808,46.07461433540664,1.1311716747138263
473,2019-05-28 14:48:09,22.650108,114.119377,13.465992766665634,45.46027504398859,0.8727478276223675
473,2019-05-28 14:48:10,22.650197,114.119475,14.338740594288002,44.779591869825424,0.6079245925755359
473,2019-05-28 14:48:11,22.65029,114.119575,14.946665186863536,44.67707861295594,0.6444772016649338
473,2019-05-28 14:48:12,22.650388,114.11968,15.591142388528471,44.33807699174935,0.5020222536827923
473,2019-05-28 14:48:13,22.65049,114.119788,16.093164642211264,43.232182786122905,0.0505397568357217
473,2019-05-28 14:48:14,22.650597,114.119897,16.143704399046985,42.97374415064314,-0.3945750141683106
473,2019-05-28 14:48:15,22.650702,114.120003,15.749129384878676,41.31297153690855,-0.5387858782906711
473,2019-05-28 14:48:16,22.650807,114.120103,15.210343506588003,38.345048785456754,-0.4373238551871825
473,2019-05-28 14:48:17,22.650912,114.120193,14.77301965140082,36.502745507836266,-0.0955033898350361
473,2019-05-28 14:48:18,22.651018,114.120278,14.677516261565785,35.92308637839932,0.1360730145252517
473,2019-05-28 14:48:19,22.651125,114.120362,14.813589276091037,37.19822958025259,0.0789261980232094
473,2019-05-28 14:48:20,22.651232,114.12045,14.892515474114246,37.45761471512759,0.2761265582629875
473,2019-05-28 14:48:21,22.651338,114.12053799999998,15.168642032377234,38.51504869433813,0.4724991430265
473,2019-05-28 14:48:22,22.651447,114.120632,15.641141175403732,38.59520396183024,0.3018795927361051
473,2019-05-28 14:48:23,22.651558,114.120728,15.94302076813984,40.55511599309904,0.0042978366968409
473,2019-05-28 14:48:24,22.651668,114.12083,15.94731860483668,34.76523663965315,-0.0063054642640345
473,2019-05-28 14:48:25,22.651785,114.120918,15.941013140572643,35.140849608001645,0.1996961192980801
473,2019-05-28 14:48:26,22.651903,114.121008,16.140709259870725,33.34913822057143,-0.2309643764793296
473,2019-05-28 14:48:27,22.652025,114.121095,15.909744883391395,29.567626148075533,-0.0854520823084108
473,2019-05-28 14:48:28,22.652147,114.12117,15.824292801082985,23.27761647415184,0.9096503795902624
473,2019-05-28 14:48:29,22.65228,114.121232,16.733943180673247,21.84910440387125,0.8767058609118337
473,2019-05-28 14:48:30,22.652425,114.121295,17.61064904158508,20.879232552174585,0.4650420212445461
473,2019-05-28 14:48:31,22.652575,114.121357,18.075691062829627,19.65848652395357,0.3321084450242075
473,2019-05-28 14:48:32,22.65273,114.121417,18.407799507853834,21.452723693263977,-0.2600193338774801
473,2019-05-28 14:48:33,22.652885,114.121483,18.147780173976354,20.26120199636307,-0.7868216802342722
473,2019-05-28 14:48:34,22.653035,114.121543,17.360958493742082,20.19607211904884,-0.6103186460688192
473,2019-05-28 14:48:35,22.653178,114.1216,16.750639847673263,19.9280648313686,-0.6233919220407245
473,2019-05-28 14:48:36,22.653318,114.121655,16.12724792563254,17.098791629235905,-0.5910120589078893
473,2019-05-28 14:48:37,22.653453,114.1217,15.536235866724647,14.295700629435942,-0.7318444426476383
473,2019-05-28 14:48:38,22.653587,114.121737,14.80439142407701,12.488488721127794,-1.523852671606365
473,2019-05-28 14:48:39,22.653712,114.121767,13.280538752470646,4.752614092267834,-1.6661797401747904
473,2019-05-28 14:48:40,22.653823000000006,114.121777,11.614359012295855,5.974420778278216,-1.573402556025341
473,2019-05-28 14:48:41,22.65392,114.121788,10.040956456270514,9.581965148073492,-1.7860361324913594
473,2019-05-28 14:48:42,22.654002,114.121803,8.254920323779155,26.205726193373494,-1.3799861997703724
473,2019-05-28 14:48:43,22.654062,114.121835,6.874934124008783,36.58612292500948,0.0039652614881688
473,2019-05-28 14:48:44,22.654108,114.121872,6.878899385496951,49.07853403202228,0.623044153082005
473,2019-05-28 14:48:45,22.654152,114.121927,7.501943538578956,68.07611752518386,0.6567583580419978
473,2019-05-28 14:48:46,22.654178,114.121997,8.158701896620954,75.02097658386714,1.353137148602659
473,2019-05-28 14:48:47,22.654198,114.122078,9.511839045223612,79.5623846693789,1.701649293420001
473,2019-05-28 14:48:48,22.654215,114.122178,11.213488338643614,86.29062453438962,1.3135389854951178
473,2019-05-28 14:48:49,22.654222,114.122295,12.527027324138732,89.51112164632576,0.8131434168142384
473,2019-05-28 14:48:50,22.654223,114.122422,13.34017074095297,89.99997438709471,0.5660491822472586
473,2019-05-28 14:48:51,22.654223,114.122555,13.90621992320023,88.2009720217792,0.3626852355787804
473,2019-05-28 14:48:52,22.654227,114.122693,14.26890515877901,88.66979876531485,0.302644940705937
473,2019-05-28 14:48:53,22.65423,114.122833,14.571550099484949,90.86221209328602,0.0025453506968489
473,2019-05-28 14:48:54,22.654228,114.122977,14.574095450181796,91.33014729238528,-0.15646792091181
473,2019-05-28 14:48:55,22.654225,114.123117,14.417627529269986,89.11939037081225,-0.050446795611835
473,2019-05-28 14:48:56,22.654227,114.123258,14.36718073365815,89.55332074105002,-0.4104349449970215
473,2019-05-28 14:48:57,22.654228,114.123397,13.956745788661127,89.06643363231098,-0.5649219908001903
473,2019-05-28 14:48:58,22.65423,114.12353,13.39182379786094,89.99997534892526,-0.5637644144490643
473,2019-05-28 14:48:59,22.65423,114.123658,12.828059383411874,88.47363384948699,-0.5130338221357214
473,2019-05-28 14:49:00,22.654233,114.12378,12.315025561276151,89.9999772744709,-0.6162961067776465
473,2019-05-28 14:49:01,22.654233,114.123898,11.698729454498508,88.87128926292195,-0.5626946143764702
473,2019-05-28 14:49:02,22.654235,114.124008,11.136034840122036,88.83965285965428,-0.3577908508148564
473,2019-05-28 14:49:03,22.654237,114.124115,10.77824398930718,88.19225134529279,-0.1538719012605618
473,2019-05-28 14:49:04,22.65424,114.124218,10.624372088046618,88.80619198813275,0.2534703072792723
473,2019-05-28 14:49:05,22.654242,114.124322,10.87784239532589,89.99997920005927,0.4678797855605321
473,2019-05-28 14:49:06,22.654242,114.12443,11.345722180886424,93.8402500423179,0.6276203439667825
473,2019-05-28 14:49:07,22.654235,114.124543,11.973342524853203,92.58513602995912,0.7056831583764254
473,2019-05-28 14:49:08,22.65423,114.12466299999998,12.67902568322963,90.9776122172044,0.610185683393178
473,2019-05-28 14:49:09,22.654228,114.12479,13.289211366622808,88.1192577648917,0.1590909194589027
473,2019-05-28 14:49:10,22.654232,114.124922,13.448302286081711,88.56752065125653,-0.5580243524900776
473,2019-05-28 14:49:11,22.654235,114.125052,12.890277933591634,86.41292087266618,-0.6709008207294644
473,2019-05-28 14:49:12,22.654242,114.125173,12.219377112862167,89.46934340285003,-0.0562288587687689
473,2019-05-28 14:49:13,22.654243,114.12529,12.1631482540934,87.93134414483939,0.3147069038750683
473,2019-05-28 14:49:14,22.654247,114.12541,12.477855157968468,87.47778708572196,-0.0021061587373285
473,2019-05-28 14:49:15,22.654252,114.125533,12.47574899923114,88.44820727990123,-0.5690726328029978
473,2019-05-28 14:49:16,22.654255,114.125653,11.906676366428142,88.8914387939293,-0.6101810124522622
473,2019-05-28 14:49:17,22.654257,114.125765,11.29649535397588,86.55491643723127,-0.4050233485054164
473,2019-05-28 14:49:18,22.654263,114.125873,10.891472005470463,87.61343917334864,-0.6274849590280915
473,2019-05-28 14:49:19,22.654267,114.125977,10.263987046442372,89.99998151207467,-0.8739853012354928
473,2019-05-28 14:49:20,22.654267,114.126073,9.39000174520688,91.42695183995691,-1.1799867674970894
473,2019-05-28 14:49:21,22.654265,114.12616,8.21001497770979,89.9999859419139,-1.1753395409901026
473,2019-05-28 14:49:22,22.654265,114.126233,7.034675436719687,94.83891626927884,-0.8526773141784219
473,2019-05-28 14:49:23,22.65426,114.126297,6.181998122541265,95.52617909078732,-0.5370350614579431
473,2019-05-28 14:49:24,22.654255,114.126353,5.644963061083322,82.0041236623183,-0.6529042396739211
473,2019-05-28 14:49:25,22.654262,114.126407,4.992058821409401,89.99999171553611,-0.4103638313891391
473,2019-05-28 14:49:26,22.654262,114.12645,4.581694990020262,108.6300543430844,-6.43262332289396e-10
473,2019-05-28 14:49:27,22.65424800000001,114.126495,4.581694989377,89.99999171553691,-0.6169286869879054
473,2019-05-28 14:49:28,22.65424800000001,114.12653799999998,3.964766302389094,100.82564926768885,-0.2203168922521032
473,2019-05-28 14:49:29,22.654242,114.126572,3.744449410136991,98.11450635291664,0.7982876748862524
473,2019-05-28 14:49:30,22.654237,114.12661,4.542737085023243,94.95448092800837,1.210467509200944
473,2019-05-28 14:49:31,22.654233,114.12666000000002,5.753204594224187,91.00127250420962,1.0196663595990056
473,2019-05-28 14:49:32,22.654232,114.126722,6.772870953823193,89.99998651859278,0.7213829377140382
473,2019-05-28 14:49:33,22.654232,114.126792,7.494253891537231,93.26413124668932,0.6398020225029137
473,2019-05-28 14:49:34,22.654228,114.126868,8.134055914040145,96.03473504649412,0.4450914443754126
473,2019-05-28 14:49:35,22.65422,114.12695,8.579147358415558,102.51354684778084,-0.0288578308113098
473,2019-05-28 14:49:36,22.654203,114.127033,8.550289527604248,110.09716719850508,0.0482184250862864
473,2019-05-28 14:49:37,22.654177,114.12711000000002,8.598507952690534,116.22240646005936,0.272592961273963
473,2019-05-28 14:49:38,22.654142,114.127187,8.871100913964497,127.18111871680172,0.1091849228820542
473,2019-05-28 14:49:39,22.654093,114.127257,8.980285836846551,133.92618964470364,-0.269784699928655
473,2019-05-28 14:49:40,22.654037,114.12732,8.710501136917896,130.12424533420543,-0.8116044427329676
473,2019-05-28 14:49:41,22.653988,114.127383,7.898896694184929,127.25016947910564,-0.8485453493953328
473,2019-05-28 14:49:42,22.653948,114.12744,7.050351344789596,126.35422957399156,-0.4043197696842053
473,2019-05-28 14:49:43,22.653912,114.127493,6.646031575105391,125.3178972799542,0.0514513024291387
473,2019-05-28 14:49:44,22.653878,114.127545,6.697482877534529,124.5887587300454,0.1581512628722858
473,2019-05-28 14:49:45,22.653843,114.1276,6.855634140406815,124.58875189594404,-0.1898386669602212
473,2019-05-28 14:49:46,22.653808,114.127655,6.665795473446594,124.51511810073087,-0.1690585133799418
473,2019-05-28 14:49:47,22.653775,114.127707,6.496736960066652,118.44883791865716,0.0580435845253131
473,2019-05-28 14:49:48,22.653747,114.127763,6.554780544591965,117.17071144508128,-0.1023461449168294
473,2019-05-28 14:49:49,22.65372,114.12782,6.452434399675136,112.69621475249971,-0.242733504432957
473,2019-05-28 14:49:50,22.653698,114.127877,6.209700895242179,109.20321736895984,0.0033233645657304
473,2019-05-28 14:49:51,22.65368,114.127933,6.213024259807909,107.33959009971976,-0.2736846303635891
473,2019-05-28 14:49:52,22.653663,114.127992,5.93933962944432,101.55502473157594,-1.265387800647943
473,2019-05-28 14:49:53,22.653653,114.128045,4.673951828796377,95.02107477962188,-0.7858868116854332
473,2019-05-28 14:49:54,22.65365,114.128082,3.888065017110944,101.28846384447912,0.3862382397443413
473,2019-05-28 14:49:55,22.653643,114.12812,4.274303256855285,118.44881861814996,0.4728688571720996
473,2019-05-28 14:49:56,22.653623,114.12816,4.747172114027385,132.8859132892448,0.2684641128016984
473,2019-05-28 14:49:57,22.653593,114.128195,5.015636226829083,130.546088895198,0.1550628209551865
473,2019-05-28 14:49:58,22.653563,114.128233,5.17069904778427,129.81247170323672,-0.1539398529222131
473,2019-05-28 14:49:59,22.653533,114.128272,5.016759194862057,139.0773061064829,-0.3316330656671384
473,2019-05-28 14:50:00,22.6535,114.128303,4.685126129194918,133.47538625878474,-0.4236774632031137
473,2019-05-28 14:50:01,22.653472,114.128335,4.2614486659918045,134.05359843468457,-0.4486519603513819
473,2019-05-28 14:50:02,22.653447,114.128363,3.812796705640423,125.37259646797024,-1.1616641067845466
473,2019-05-28 14:50:03,22.653428,114.128392,2.651132598855876,113.43379609362592,-1.3159613250011244
473,2019-05-28 14:50:04,22.653422,114.128407,1.3351712738547517,63.77769820320788,-0.0800199956228822
473,2019-05-28 14:50:05,22.653427,114.128418,1.2551512782318694,46.07392869695048,0.1432352393083302
473,2019-05-28 14:50:06,22.653435,114.128427,1.3983865175401995,23.070676642507465,0.1884897210290805
473,2019-05-28 14:50:07,22.653448,114.128433,1.5868762385692805,0.0,-0.085744728590843
473,2019-05-28 14:50:08,22.653463,114.128433,1.5011315099784373,0.0,-1.1186522961466818
473,2019-05-28 14:50:09,22.653475,114.128433,0.3824792138317555,252.40354557145736,0.0444651956283682
473,2019-05-28 14:50:19,22.653463,114.128392,0.8271311701154378,296.8948733571792,5.241782183102755
473,2019-05-28 14:50:20,22.653485,114.128345,6.068913353218193,299.69677316360867,1.2199598020144462
473,2019-05-28 14:50:21,22.653515,114.12828799999998,7.288873155232639,307.3743533303625,0.1804559228306823
473,2019-05-28 14:50:22,22.653558,114.128227,7.469329078063321,314.86050305161973,-1.266494148539068
473,2019-05-28 14:50:23,22.653603,114.128178,6.202834929524253,299.48192715065414,-2.00736036822037
473,2019-05-28 14:50:24,22.653627,114.128132,4.195474561303883,291.8672345064967,-2.215491272572532
473,2019-05-28 14:50:25,22.653637,114.128105,1.979983288731351,304.10781473229645,-1.1765555458144132
473,2019-05-28 14:50:26,22.653642,114.128097,0.8034277429169379,239.38087305081143,9.959096814211905e-05
473,2019-05-28 14:54:04,22.652838,114.126625,0.8251385739719198,180.0,9.077725071279872
473,2019-05-28 14:54:05,22.65275,114.126625,9.902863645251792,184.10552048437364,-0.1504708970677537
473,2019-05-28 14:54:06,22.65266,114.126618,9.752392748184038,183.727144791833,-0.1758742871576828
473,2019-05-28 14:54:07,22.652575,114.126612,9.576518461026357,182.42961649879257,-0.0103142188196123
473,2019-05-28 14:54:08,22.652488,114.126608,9.566204242206744,180.62204484811983,-0.2256894805262241
473,2019-05-28 14:54:09,22.652403,114.126607,9.340514761680518,180.0,-0.1667898280745046
473,2019-05-28 14:54:10,22.65232,114.126607,9.173724933606014,179.35519852612822,0.277983096898728
473,2019-05-28 14:54:11,22.652238,114.126608,9.451708030504742,180.0,0.2790655649976354
473,2019-05-28 14:54:12,22.65215,114.126608,9.730773595502376,181.82269592106,0.1667718739067005
473,2019-05-28 14:54:13,22.652063,114.126605,9.897545469409078,180.0,0.83325562300851
473,2019-05-28 14:54:14,22.651972,114.126605,10.730801092417588,181.0366730206652,0.3944905476802489
473,2019-05-28 14:54:15,22.65187,114.126603,11.125291640097837,175.15560569143258,-0.4382548095232987
473,2019-05-28 14:54:16,22.651772,114.126612,10.687036830574538,179.43750564504273,-0.4009942254042062
473,2019-05-28 14:54:17,22.651678,114.126613,10.286042605170332,181.74263399121267,-0.1105425121376306
473,2019-05-28 14:54:18,22.651587,114.12661,10.1755000930327,180.0,0.0549478322066718
473,2019-05-28 14:54:19,22.651495,114.12661,10.230447925239371,178.8506699651423,-0.0561121373503059
473,2019-05-28 14:54:20,22.651403,114.126612,10.174335787889069,181.1619573614444,0.1132423469104999
473,2019-05-28 14:54:21,22.651312,114.12661,10.287578134799569,181.1248840569408,0.2208434942276795
473,2019-05-28 14:54:22,22.651218,114.126608,10.508421629027248,180.0,-0.3329215280163922
473,2019-05-28 14:54:23,22.651123,114.126608,10.175500101010854,181.80201068521976,-0.3194416817977092
473,2019-05-28 14:54:24,22.651035,114.126605,9.856058419213143,191.84566225067636,-0.7171575669396351
473,2019-05-28 14:54:25,22.650947,114.126585,9.13890085227351,182.1140991977872,-0.8447155785399119
473,2019-05-28 14:54:26,22.650872,114.126582,8.294185273733598,183.56811712762592,-0.0061917358034904
473,2019-05-28 14:54:27,22.650798,114.126577,8.287993537930108,180.0,-0.0594089954355734
473,2019-05-28 14:54:28,22.650723,114.126577,8.228584542494534,179.27570210013107,0.1211305550446013
473,2019-05-28 14:54:29,22.65065,114.126578,8.349715097539136,175.20426790081467,0.4007751823105696
473,2019-05-28 14:54:30,22.650573,114.126585,8.750490279849705,176.69886861440284,0.2101079249364428
473,2019-05-28 14:54:31,22.650493,114.12659,8.960598204786148,178.04236747573452,1.069149662509158
473,2019-05-28 14:54:32,22.650412,114.126593,10.029747867295306,174.67431074482488,0.7800536316856466
473,2019-05-28 14:54:33,22.650313,114.126603,10.809801498980953,177.77473090699414,-0.3513093344637088
473,2019-05-28 14:54:34,22.650218,114.126607,10.458492164517244,178.2948015016359,0.2796665166651948
473,2019-05-28 14:54:35,22.650125,114.12661,10.73815868118244,177.35803382738732,0.9563467173920248
473,2019-05-28 14:54:36,22.650025,114.126615,11.694505398574464,176.1601701823963,0.4691064781782064
473,2019-05-28 14:54:37,22.649915,114.126623,12.16361187675267,174.1452534436686,-0.1114552044846881
473,2019-05-28 14:54:38,22.649807,114.126635,12.052156672267982,171.17526525642825,0.0044011534023749
473,2019-05-28 14:54:39,22.6497,114.126653,12.056557825670357,170.21277292464697,-0.4376329553345037
473,2019-05-28 14:54:40,22.649593,114.126673,11.618924870335851,167.26449809371252,-1.4683295562745204
473,2019-05-28 14:54:41,22.649495,114.126697,10.150595314061333,167.00808239761875,-1.8800528147498028
473,2019-05-28 14:54:42,22.649415,114.126717,8.27054249931153,167.20132062115383,-1.0438271405631374
473,2019-05-28 14:54:43,22.64935,114.126733,7.226715358748392,168.22848410210668,-0.2493126110441519
473,2019-05-28 14:54:44,22.649288,114.126747,6.97740274770424,168.87312910629726,-0.0402942662450049
473,2019-05-28 14:54:45,22.649227,114.12676,6.937108481459235,162.90070463660538,0.1798907190327785
473,2019-05-28 14:54:46,22.649167,114.12678,7.116999200492014,161.8677373887051,0.4496550227683302
473,2019-05-28 14:54:47,22.649105,114.126802,7.566654223260344,160.99841374644743,0.6450922290451215
473,2019-05-28 14:54:48,22.649038,114.126827,8.211746452305466,161.80443420009317,0.6089909820199679
473,2019-05-28 14:54:49,22.648965,114.126853,8.820737434325434,160.22322026483857,0.6265751696148136
473,2019-05-28 14:54:50,22.648888,114.126883,9.447312603940247,160.41392525914205,0.5415266567287045
473,2019-05-28 14:54:51,22.648805,114.126915,9.988839260668952,158.1134084550846,0.3707879742368458
473,2019-05-28 14:54:52,22.64872,114.126952,10.359627234905798,158.27182911941554,0.2585994095514046
473,2019-05-28 14:54:53,22.648632,114.12699,10.618226644457202,159.22285353652683,0.2758677735167598
473,2019-05-28 14:54:54,22.64854200000001,114.127027,10.894094417973962,160.53428407056936,0.1567734946167558
473,2019-05-28 14:54:55,22.648448,114.127063,11.050867912590718,159.83830274263494,-0.0326296597287534
473,2019-05-28 14:54:56,22.648355,114.1271,11.018238252861964,158.13663506728153,-0.0986075911741828
473,2019-05-28 14:54:57,22.648263,114.12714,10.919630661687782,157.69793826994078,-0.0030185327594995
473,2019-05-28 14:54:58,22.648173,114.12718,10.916612128928282,155.22933431544436,0.214936316978715
473,2019-05-28 14:54:59,22.648083,114.127225,11.131548445906995,152.85507808714897,-0.0103989507885984
473,2019-05-28 14:55:00,22.647993,114.127275,11.1211494951184,150.3706439226159,-0.2418965406716839
473,2019-05-28 14:55:01,22.647907,114.127328,10.879252954446716,150.26013754082578,-0.3682083042330522
473,2019-05-28 14:55:02,22.647823,114.12738,10.511044650213664,151.32585512771868,-0.5112440963250826
473,2019-05-28 14:55:03,22.647742,114.127428,9.99980055388858,148.91191463522438,-0.8013164456068633
473,2019-05-28 14:55:04,22.647667,114.127477,9.198484108281717,149.36161387586787,-0.8094278412367757
473,2019-05-28 14:55:05,22.6476,114.12752,8.389056267044941,149.63129148211425,-0.1735910993720786
473,2019-05-28 14:55:06,22.647537,114.12756,8.215465167672862,150.40631572170832,0.0463099288186299
473,2019-05-28 14:55:07,22.647472,114.1276,8.261775096491492,151.65150275905387,-0.2675434372815006
473,2019-05-28 14:55:08,22.647407,114.127638,7.994231659209992,149.0412965023479,-0.2081897931527345
473,2019-05-28 14:55:09,22.647347,114.127677,7.786041866057257,147.32663615706036,-0.0943172656077209
473,2019-05-28 14:55:10,22.647288,114.127718,7.691724600449536,140.7026003084237,-0.11925604148007
473,2019-05-28 14:55:11,22.647235,114.127765,7.572468558969466,140.1666971288696,-0.1510793019253862
473,2019-05-28 14:55:12,22.647183,114.127812,7.42138925704408,140.8434487132755,-0.128828739565658
473,2019-05-28 14:55:13,22.647132,114.127857,7.292560517478422,142.6504828571592,-0.4263087589695162
473,2019-05-28 14:55:14,22.64708,114.1279,6.866251758508906,144.00032014373596,-0.6464410704043813
473,2019-05-28 14:55:15,22.647033,114.12793700000002,6.219810688104524,143.0863642636142,-0.2840165860731813
473,2019-05-28 14:55:16,22.64699,114.127972,5.935794102031343,142.43686248884728,-0.1000206878855358
473,2019-05-28 14:55:17,22.646948,114.128007,5.835773414145807,140.28677988027692,-0.0266398751556229
473,2019-05-28 14:55:18,22.646908,114.128043,5.809133538990184,128.47066996574392,0.1213164646240123
473,2019-05-28 14:55:19,22.646875,114.128088,5.9304500036141965,117.5166045950922,-0.1765919058868661
473,2019-05-28 14:55:20,22.64685,114.12814,5.75385809772733,111.30958167576983,-0.0471820513973932
473,2019-05-28 14:55:21,22.646832,114.12819,5.706676046329937,100.76325223095635,0.6106551154615358
473,2019-05-28 14:55:22,22.646822,114.128247,6.317331161791473,85.30728087417782,0.8503167470069188
473,2019-05-28 14:55:23,22.646827,114.128313,7.167647908798392,77.27932169412679,0.7446098003144188
473,2019-05-28 14:55:24,22.646842000000003,114.128385,7.912257709112811,75.96109384386352,0.8872723983881174
473,2019-05-28 14:55:25,22.64686,114.12846299999998,8.799530107500928,77.63934369968945,0.762895099478202
473,2019-05-28 14:55:26,22.646878,114.128552,9.56242520697913,77.51773053520782,0.1274422806658837
473,2019-05-28 14:55:27,22.646897,114.128645,9.689867487645014,79.32814798551749,0.2103309910524711
473,2019-05-28 14:55:28,22.646913,114.12873700000002,9.900198478697485,80.58324894234738,0.7498990906936118
473,2019-05-28 14:55:29,22.646928,114.128835,10.650097569391097,81.36282866623782,0.6216445323744484
473,2019-05-28 14:55:30,22.646943,114.128942,11.271742101765543,84.42461054243995,0.3544074975505253
473,2019-05-28 14:55:31,22.646953,114.129053,11.62614959931607,87.30272579759753,0.5527545587188207
473,2019-05-28 14:55:32,22.646958,114.129168,12.178904158034891,86.44243502466765,0.6246281036600525
473,2019-05-28 14:55:33,22.646965,114.12929,12.803532261694944,86.09531215716243,0.4096396145404863
473,2019-05-28 14:55:34,22.646973000000006,114.129417,13.21317187623543,86.66084720414779,0.4576269319057928
473,2019-05-28 14:55:35,22.64698,114.129547,13.670798808141225,86.80784868826242,0.6179078623262306
473,2019-05-28 14:55:36,22.646987,114.129683,14.288706670467452,86.50669170964562,0.4642800175797319
473,2019-05-28 14:55:37,22.646995,114.129825,14.752986688047184,86.57879223620932,0.0750001760250196
473,2019-05-28 14:55:38,22.647003,114.12997,14.827986864072203,83.94459341859596,-0.1437163431199604
473,2019-05-28 14:55:39,22.647017,114.130113,14.684270520952245,85.63640787872043,0.107382395882535
473,2019-05-28 14:55:40,22.647027,114.130255,14.79165291683478,77.1932573703225,-0.0163099499470664
473,2019-05-28 14:55:41,22.647057,114.130398,14.775342966887711,86.50668993093711,-0.1792945646158781
473,2019-05-28 14:55:42,22.647065,114.13054,14.596048402271837,86.94246262843211,-0.11578854033276
473,2019-05-28 14:55:43,22.647072,114.130682,14.480259861939077,88.66986806442111,-0.1094268215599374
473,2019-05-28 14:55:44,22.647075,114.130822,14.370833040379138,88.66986803384327,-0.2037682639238234
473,2019-05-28 14:55:45,22.647078,114.130962,14.167064776455314,88.17462920413004,-0.5696491457266717
473,2019-05-28 14:55:46,22.647082,114.131098,13.597415630728642,92.40486892647095,-1.07714224528201
473,2019-05-28 14:55:47,22.647077,114.131227,12.520273385446632,88.38085974387764,-1.4849983359166838
473,2019-05-28 14:55:48,22.64708,114.131342,11.035275049529949,88.75852061795985,-1.6447819814079343
473,2019-05-28 14:55:49,22.647082,114.131442,9.390493068122014,89.99998402021697,-1.3599989407277526
473,2019-05-28 14:55:50,22.647082,114.131525,8.030494127394261,73.24895031324468,-1.4027725845656347
473,2019-05-28 14:55:51,22.647102,114.131597,6.627721542828627,94.4256472297069,-1.4426712258586791
473,2019-05-28 14:55:52,22.647098,114.131653,5.185050316969948,80.43260355180371,-0.9596230739163892
473,2019-05-28 14:55:53,22.647105,114.131698,4.225427243053558,89.99999287551896,-0.5310666944337288
473,2019-05-28 14:55:54,22.647105,114.131735,3.6943605486198297,89.99999325823586,0.0016729977806275
473,2019-05-28 14:55:55,22.647105,114.13177,3.696033546400457,86.64799890170445,-0.3313198827850367
473,2019-05-28 14:55:56,22.647107,114.131807,3.3647136636154205,76.92817424569319,-0.6182001492765457
473,2019-05-28 14:55:57,22.647113,114.131835,2.746513514338875,67.02319085482719,-0.2857981460578669
473,2019-05-28 14:55:58,22.647122,114.131858,2.460715368281008,37.5630952303855,-0.1628252688116074
473,2019-05-28 14:55:59,22.64714,114.131873,2.2978900994694005,19.7432179869341,-0.2248476545487396
473,2019-05-28 14:56:00,22.647158,114.13188,2.073042444920661,354.4513166310724,-0.1764715853232501
473,2019-05-28 14:56:01,22.647177,114.131878,1.896570859597411,356.479245105996,-0.5535602311427619
473,2019-05-28 14:56:02,22.647192,114.131877,1.3430106284546488,321.0780279016344,0.0942008216701772
473,2019-05-28 14:56:03,22.6472,114.13187,1.437211450124826,300.0233082490675,0.5428480796116935
473,2019-05-28 14:56:04,22.647208,114.131855,1.98005952973652,290.7688416188712,0.6450180265645857
473,2019-05-28 14:56:05,22.647215,114.131835,2.6250775563011053,276.1841571785923,0.7142743773265905
473,2019-05-28 14:56:06,22.647218,114.131805,3.339351933627696,270.0000067417697,0.6663427698157323
473,2019-05-28 14:56:07,22.647218,114.13177,4.005694703443428,265.6768740921995,0.9825924457457428
473,2019-05-28 14:56:08,22.647215,114.131727,4.988287149189171,266.555124005382,0.8677142945124192
473,2019-05-28 14:56:09,22.647212,114.131673,5.85600144370159,267.9314846892452,0.7155097043388832
473,2019-05-28 14:56:10,22.64721,114.131613,6.571511148040473,268.17466676962965,0.5200285104352789
473,2019-05-28 14:56:11,22.647208,114.131545,7.091539658475752,265.5743520813098,0.5097414303122978
473,2019-05-28 14:56:12,22.647203,114.131475,7.60128108878805,269.2041331686327,0.6131084137117702
473,2019-05-28 14:56:13,22.647202,114.131397,8.21438950249982,266.9744032034584,0.2607880466955574
473,2019-05-28 14:56:14,22.647198,114.131315,8.475177549195378,267.7572065224271,0.1001716377879962
473,2019-05-28 14:56:15,22.647195,114.131232,8.575349186983374,267.7838800933592,-0.1045490558569497
473,2019-05-28 14:56:16,22.647192,114.131148,8.470800131126424,268.467473231228,-0.20681169511559
473,2019-05-28 14:56:17,22.64719,114.131067,8.263988436010834,268.4483255938189,-0.1039090512135842
473,2019-05-28 14:56:18,22.647188,114.130987,8.16007938479725,269.214206629215,-0.2020899650000469
473,2019-05-28 14:56:19,22.647187,114.130908,7.957989419797203,266.73603586607527,-0.2606062897566854
473,2019-05-28 14:56:20,22.647183,114.130832,7.697383130040517,271.67744749649626,-0.3078296284835566
473,2019-05-28 14:56:21,22.647185,114.130758,7.389553501556961,270.0000134778945,-0.3067358254180146
473,2019-05-28 14:56:22,22.647185,114.130688,7.082817676138946,272.7368753471619,-0.4066584279203225
473,2019-05-28 14:56:23,22.647188,114.13062,6.676159248218624,272.0018669969994,-0.9250783000256037
473,2019-05-28 14:56:24,22.64719,114.130558,5.75108094819302,272.48176727795783,-0.7198834451127532
473,2019-05-28 14:56:25,22.647192,114.130508,5.031197503080267,271.2931807084424,0.1511660952605096
473,2019-05-28 14:56:26,22.647193,114.13046,5.1823635983407765,268.82880029682246,0.3179881908179416
473,2019-05-28 14:56:27,22.647192,114.130407,5.500351789158718,264.2707774679654,0.2732592192697813
473,2019-05-28 14:56:28,22.647187,114.130353,5.7736110084285,264.66353317725486,0.215686240371129
473,2019-05-28 14:56:29,22.647182,114.130295,5.9892972487996285,262.54954319174885,0.1151730480950483
473,2019-05-28 14:56:30,22.647175,114.130237,6.104470296894677,262.79523894514364,0.2822816842313829
473,2019-05-28 14:56:31,22.647168,114.130177,6.38675198112606,267.0923815181893,0.1382194240408134
473,2019-05-28 14:56:32,22.647165,114.130113,6.524971405166873,267.0463096121556,0.0448954442006552
473,2019-05-28 14:56:33,22.647162,114.13005,6.5698668493675285,270.0000125127368,-0.0021174884381531
473,2019-05-28 14:56:34,22.647162,114.129985,6.567749360929375,270.00001212953885,-0.1536906832820204
473,2019-05-28 14:56:35,22.647162,114.129922,6.414058677647355,271.001244827943,-0.0493657077567668
473,2019-05-28 14:56:36,22.647163,114.12986,6.364692969890588,272.0018666388089,-0.1951408836322787
473,2019-05-28 14:56:37,22.647165,114.129798,6.169552086258309,275.3364885046634,-0.2009340314873853
473,2019-05-28 14:56:38,22.647170000000006,114.12973999999998,5.968618054770924,273.20783266254034,-0.3470556968502407
473,2019-05-28 14:56:39,22.647173,114.129682,5.621562357920683,286.8774729859967,-0.5959441104695244
473,2019-05-28 14:56:40,22.647187,114.129632,5.025618247451159,280.9033923374972,-0.4508014815355192
473,2019-05-28 14:56:41,22.647195,114.129587,4.57481676591564,284.4661822091591,-0.4161096851203636
473,2019-05-28 14:56:42,22.647205,114.129545,4.158707080795276,273.26398658258745,-0.6695913251673424
473,2019-05-28 14:56:43,22.647207,114.129507,3.489115755627933,265.86833042015206,-0.8065261021907277
473,2019-05-28 14:56:44,22.647205,114.129477,2.682589653437206,261.59498505710906,-0.8951486995188851
473,2019-05-28 14:56:45,22.647202,114.129455,1.7874409539183207,250.1411467672388,-1.7874409539183207
473,2019-05-28 14:56:46,22.647198,114.129443,0.0,250.1411467672388,0.0
