userid,checkin_time,lat,lon,speed,direction,acceleration
320,2019-08-29 15:28:05,22.632017,114.029545,0.0,149.76018744848028,2.468718953964523
320,2019-08-29 15:28:06,22.631998,114.029557,2.468718953964523,153.08548275863166,0.6611465098142606
320,2019-08-29 15:28:07,22.631978,114.029568,3.1298654637787835,119.83770982079966,-0.7892405520176609
320,2019-08-29 15:28:08,22.63196,114.029602,2.340624911761122,188.7454054145768,2.1401147331610364
320,2019-08-29 15:28:09,22.631948,114.0296,4.480739644922159,294.1908967889175,2.3455931478389926
320,2019-08-29 15:28:10,22.631982,114.029518,6.826332792761152,281.3963078369029,-2.663774591192701
320,2019-08-29 15:28:11,22.63199,114.029475,4.162558201568451,251.11237293568072,0.642324822654877
320,2019-08-29 15:28:12,22.631978,114.02943700000002,4.804883024223328,236.0147830173716,0.9123804652975044
320,2019-08-29 15:28:13,22.63195,114.029392,5.717263489520832,235.33420976744392,0.5791779948775249
320,2019-08-29 15:28:14,22.63192,114.029345,6.296441484398357,248.971141327212,0.1616469574253223
320,2019-08-29 15:28:15,22.631898,114.029283,6.458088441823679,256.3506636828108,-0.8702818498493965
320,2019-08-29 15:28:16,22.631885,114.029225,5.5878065919742825,257.2806844107075,-0.7647243882469814
320,2019-08-29 15:28:17,22.631875,114.029177,4.823082203727301,248.84663314754152,-0.2165369902280574
320,2019-08-29 15:28:18,22.63186,114.029135,4.606545213499244,213.25740094211844,0.420274482248189
320,2019-08-29 15:28:19,22.631822,114.029108,5.026819695747433,225.27165878852077,-0.3094231357315422
320,2019-08-29 15:28:20,22.63179,114.029073,4.7173965600158905,224.6809756707936,0.0414002574811878
320,2019-08-29 15:28:21,22.631762,114.029043,4.758796817497078,271.07015911488264,0.7858721426059896
320,2019-08-29 15:28:22,22.631763,114.028985,5.544668960103068,272.48148894363726,-0.6667685613684844
320,2019-08-29 15:28:23,22.631765,114.028935,4.877900398734584,263.13572835040526,-0.327970284750779
320,2019-08-29 15:28:24,22.63176,114.02889,4.549930113983804,262.8197187698683,-0.1090365204055334
320,2019-08-29 15:28:25,22.631755,114.028847,4.440893593578271,255.53539253009,-0.6090439698342145
320,2019-08-29 15:28:26,22.631745,114.028805,3.831849623744057,183.52115098538135,-0.7702247119954428
320,2019-08-29 15:28:27,22.6317,114.028802,3.0616249117486136,256.16706025342273,-1.0995239792601652
320,2019-08-29 15:28:28,22.631695,114.02878,1.9621009324884484,199.74527128554965,-0.1855440797325989
320,2019-08-29 15:28:29,22.631677,114.028773,1.7765568527558495,263.81654655162606,-0.2210871213978993
320,2019-08-29 15:28:30,22.631675,114.028753,1.5554697313579502,257.7738606615722,-0.8763780289246226
320,2019-08-29 15:28:31,22.631673000000006,114.028743,0.6790917024333276,180.0,-0.0954706759107061
320,2019-08-29 15:28:32,22.631667,114.028743,0.5836210265226215,276.1834588223764,0.1997375469697974
320,2019-08-29 15:28:33,22.631668,114.028733,0.7833585734924189,192.49043278717423,0.0794099831140692
320,2019-08-29 15:28:36,22.631643,114.028727,1.0215885228346266,189.52648284409116,-0.7620806585790824
320,2019-08-29 15:28:37,22.631632,114.028725,0.2595078642555443,199.5448360300765,-0.0004409364293666
320,2019-08-29 15:29:28,22.631528,114.028685,0.2370201063578446,287.1999158218886,0.2107307993187643
320,2019-08-29 15:29:29,22.63153,114.028678,0.4477509056766089,225.0932285775629,-0.0138184208520338
320,2019-08-29 15:29:37,22.631507,114.028653,0.3372035388603378,354.72654843418303,-0.2115872589660871
320,2019-08-29 15:29:38,22.631517,114.028652,0.1256162798942507,352.00475117825647,-0.0005023010197638
320,2019-08-29 15:30:27,22.631563,114.028645,0.1010035299258222,244.7770105023689,2.7108790026335345
320,2019-08-29 15:30:28,22.631553,114.028622,2.811882532559357,234.1600410199607,0.6727158253059096
320,2019-08-29 15:30:29,22.631537,114.028598,3.4845983578652664,231.5324484082081,0.4780587539574354
320,2019-08-29 15:30:30,22.631515,114.028568,3.962657111822702,245.7042996994017,0.4567262917273207
320,2019-08-29 15:30:31,22.6315,114.028532,4.419383403550023,253.88529803420357,0.4037111883174455
320,2019-08-29 15:30:32,22.631488,114.028487,4.823094591867468,252.6204412098628,-0.0491160204314882
320,2019-08-29 15:30:33,22.631475,114.028442,4.77397857143598,253.53867938890855,-0.3834689497909807
320,2019-08-29 15:30:34,22.631463,114.028398,4.390509621644999,265.35453912827825,-0.6033792835585308
320,2019-08-29 15:30:35,22.63146,114.028358,3.787130338086469,257.05718112219625,-0.0894549518677969
320,2019-08-29 15:30:36,22.631453,114.028325,3.697675386218672,245.0933943513038,0.5394667320383721
320,2019-08-29 15:30:37,22.631438,114.02828999999998,4.237142118257044,255.85816365674788,0.6174818919847747
320,2019-08-29 15:30:38,22.631428,114.028247,4.854624010241818,262.59248151906684,0.2581631970196998
320,2019-08-29 15:30:39,22.631422,114.028197,5.112787207261518,250.9259680141288,-0.4020119924523078
320,2019-08-29 15:30:40,22.631407,114.02815,4.71077521480921,244.14101309234505,-0.1843205497892377
320,2019-08-29 15:30:41,22.63139,114.028112,4.526454665019973,252.2500056702584,0.4738108983339995
320,2019-08-29 15:30:42,22.631377,114.028068,5.000265563353972,261.54180874213034,0.1502087454967018
320,2019-08-29 15:30:43,22.63137,114.028017,5.150474308850674,253.31808892085087,0.1380940490492772
320,2019-08-29 15:30:44,22.631357,114.02797,5.288568357899951,258.4468011341326,-0.0131668035079552
320,2019-08-29 15:30:45,22.631347,114.027917,5.275401554391996,254.53756231548343,-0.4251082291689707
320,2019-08-29 15:30:46,22.631335,114.02787,4.850293325223025,259.09785350489324,-0.136092520330016
320,2019-08-29 15:30:47,22.631327,114.027825,4.714200804893009,257.7738976745638,-0.1493347897944668
320,2019-08-29 15:30:48,22.631318,114.02778,4.564866015098542,265.6773725170093,-0.0658488637208716
320,2019-08-29 15:30:49,22.631315,114.02773700000002,4.499017151377671,260.2204368043623,-0.3810913218989116
320,2019-08-29 15:30:50,22.631308,114.027693,4.117925829478759,259.47836641262086,-0.7146509149381353
320,2019-08-29 15:30:51,22.631302,114.027658,3.403274914540624,270.00000596125767,-0.3237850498580878
320,2019-08-29 15:30:52,22.631302,114.027627,3.079489864682536,272.13954821854134,-0.5649830367288842
320,2019-08-29 15:30:53,22.631303,114.027598,2.514506827953652,266.899254919352,-0.6265654517068588
320,2019-08-29 15:30:54,22.631302,114.027578,1.887941376246793,298.44492875892394,0.0111301146692566
320,2019-08-29 15:30:55,22.63131,114.02756200000002,1.899071490916049,312.8812860380693,0.2511463531885363
320,2019-08-29 15:30:56,22.631322,114.027548,2.150217844104586,315.4465362943361,-0.0143026108382802
320,2019-08-29 15:30:57,22.631337,114.027532,2.1359152332663056,328.39463530735424,-0.6691765760523658
320,2019-08-29 15:30:58,22.631352,114.027522,1.4667386572139398,335.2266823349503,-0.3645531829853687
320,2019-08-29 15:30:59,22.63136,114.027518,1.102185474228571,335.22668400085985,-0.4838834266228259
320,2019-08-29 15:31:00,22.63137,114.02751299999998,0.6183020476057451,256.2529424735731,0.0208067104344916
320,2019-08-29 15:31:05,22.631363,114.027482,0.7223355997782033,212.86649677556463,0.2568632025236554
320,2019-08-29 15:31:06,22.631353,114.027475,0.9791988023018589,208.9776794564364,0.0539244721043612
320,2019-08-29 15:31:07,22.631348000000006,114.027472,1.03312327440622,150.40342705325077,0.7015313910286496
320,2019-08-29 15:31:08,22.631335,114.02748,1.7346546654348696,117.0145958649943,0.3210130654152541
320,2019-08-29 15:31:09,22.631327,114.027497,2.055667730850124,74.21799166936279,1.2531467084309402
320,2019-08-29 15:31:10,22.631333,114.02752,3.308814439281064,58.23837217075032,0.9756005826529472
320,2019-08-29 15:31:11,22.631353,114.027555,4.284415021934011,55.7447643483406,0.5468359141078176
320,2019-08-29 15:31:12,22.631375,114.02759,4.831250936041829,54.16005918974275,0.685611779777668
320,2019-08-29 15:31:13,22.631403,114.027632,5.516862715819497,55.66580504864714,0.4957310647657689
320,2019-08-29 15:31:14,22.631432,114.027678,6.012593780585266,54.43293817622134,0.2960090508494559
320,2019-08-29 15:31:15,22.631465,114.027728,6.308602831434722,54.4329316625587,-0.1017126537374544
320,2019-08-29 15:31:16,22.631498,114.027778,6.206890177697267,60.64016225136572,0.2267155438541559
320,2019-08-29 15:31:17,22.631525,114.02783,6.433605721551423,65.70427651166034,0.5800072220806074
320,2019-08-29 15:31:18,22.63155,114.02789,7.013612943632031,62.71001302383854,0.3037297942838215
320,2019-08-29 15:31:19,22.63158,114.027953,7.317342737915852,64.98122063083565,-0.1012879573465221
320,2019-08-29 15:31:20,22.631608,114.028018,7.21605478056933,36.94580552137012,0.1083172736915996
320,2019-08-29 15:31:21,22.631662,114.028062,7.324372054260929,52.2645598084423,-0.1032730675649702
320,2019-08-29 15:31:22,22.631702,114.028118,7.221098986695959,50.559213441091686,0.5425010336022673
320,2019-08-29 15:31:23,22.631743,114.028172,7.763600020298226,58.88381161760299,0.9006056534558029
320,2019-08-29 15:31:24,22.631782,114.028242,8.66420567375403,63.43294399849657,0.2654541898344202
320,2019-08-29 15:31:25,22.631818,114.02832,8.92965986358845,62.49813445322212,-0.2125847877746611
320,2019-08-29 15:31:26,22.631855,114.028397,8.717075075813788,64.51246035564282,-0.0259936294182807
320,2019-08-29 15:31:27,22.631888,114.028472,8.691081446395508,67.88878665987193,0.0919832242681994
320,2019-08-29 15:31:28,22.631918,114.028552,8.783064670663707,61.875866080787375,0.3030654402808483
320,2019-08-29 15:31:29,22.631955,114.028627,9.086130110944556,60.3687609250764,0.3501590441140934
320,2019-08-29 15:31:30,22.631997,114.028707,9.436289155058647,61.85201307392941,0.0924080737291106
320,2019-08-29 15:31:31,22.632037,114.028788,9.52869722878776,67.65947884607027,0.3422186264694637
320,2019-08-29 15:31:32,22.63207,114.028875,9.870915855257223,69.35131070922046,0.3476707213665264
320,2019-08-29 15:31:33,22.632102,114.028967,10.21858657662375,67.24718407302356,-0.2999036072311583
320,2019-08-29 15:31:34,22.632138,114.02906000000002,9.918682969392592,70.14313279026572,-0.9479822321447884
320,2019-08-29 15:31:35,22.63216700000001,114.029147,8.970700737247803,61.88464285356082,-0.5735366784122213
320,2019-08-29 15:31:36,22.632203,114.02922,8.397164058835582,62.90479024612637,-0.1167129984151618
320,2019-08-29 15:31:37,22.632237,114.029292,8.28045106042042,61.89394908950089,0.0434361505141822
320,2019-08-29 15:31:38,22.632272,114.029363,8.323887210934602,50.903593043225726,-0.1344324622105279
320,2019-08-29 15:31:39,22.63232,114.029427,8.189454748724074,63.65155323910591,-0.4682511717154956
320,2019-08-29 15:31:40,22.632352,114.029497,7.721203577008579,52.55241397337409,-0.3636960600469443
320,2019-08-29 15:31:41,22.632393,114.029555,7.357507516961634,65.77028596537815,0.1427119812773174
320,2019-08-29 15:31:42,22.63242,114.02962,7.500219498238952,73.25063793955883,0.364224764688644
320,2019-08-29 15:31:43,22.63244,114.029692,7.864444262927596,73.88516866789797,-0.244159433999874
320,2019-08-29 15:31:44,22.63246,114.029767,7.620284828927722,69.31546297619576,-0.4078758949564927
320,2019-08-29 15:31:45,22.632483,114.029833,7.212408933971229,68.19676272418275,-0.0876093042915266
320,2019-08-29 15:31:46,22.632507,114.029898,7.124799629679703,70.70829690604376,-0.2843450683495536
320,2019-08-29 15:31:47,22.632528,114.029963,6.840454561330149,80.39168306022765,-0.1871545827905825
320,2019-08-29 15:31:48,22.632538,114.030027,6.653299978539566,88.09065916996605,0.2745837266966591
320,2019-08-29 15:31:49,22.63254,114.030092,6.927883705236225,92.6584834957385,-0.3584940738658719
320,2019-08-29 15:31:50,22.632537,114.030162,6.5693896313703535,88.92983485489071,-1.1227945430738109
320,2019-08-29 15:31:51,22.632538,114.03022,5.446595088296543,84.840965886503,-0.9304444512871344
320,2019-08-29 15:31:52,22.632542,114.030268,4.516150637009408,97.71258723120384,-1.0739351513482358
320,2019-08-29 15:31:53,22.632537,114.030308,3.4422154856611726,72.20246833968923,-0.6159274015309224
320,2019-08-29 15:31:54,22.632545,114.030335,2.8262880841302502,85.41159523742948,1.670322288423116
320,2019-08-29 15:31:55,22.632547,114.030362,4.496610372553366,57.63729588288527,0.8207966979598362
320,2019-08-29 15:31:56,22.632578,114.030415,5.317407070513203,82.81965967077105,-0.9466987686527456
320,2019-08-29 15:31:57,22.632583,114.030458,4.370708301860457,89.99999191919977,-0.2560282363801187
320,2019-08-29 15:31:58,22.632583,114.0305,4.114680065480338,81.88674119296951,-1.064493429996448
320,2019-08-29 15:31:59,22.632588,114.030538,3.0501866354838905,69.23318000009954,-0.7402980786113629
320,2019-08-29 15:32:00,22.632595,114.030558,2.309888556872528,109.12136309829305,1.5134534206642534
320,2019-08-29 15:32:01,22.632587,114.030583,3.823341977536781,70.51752212858463,1.606826825937239
320,2019-08-29 15:32:02,22.632603,114.030632,5.43016880347402,78.44667798586346,0.0908285349615605
320,2019-08-29 15:32:03,22.632613,114.030685,5.52099733843558,81.85653032374898,0.028095404870351
320,2019-08-29 15:32:04,22.632620000000006,114.030738,5.549092743305931,92.25613848755114,0.243564356071019
320,2019-08-29 15:32:05,22.632618,114.030793,5.79265709937695,101.80947708464164,0.5092464231795866
320,2019-08-29 15:32:06,22.632607,114.03085,6.301903522556537,106.54512086672742,0.1078718007119095
320,2019-08-29 15:32:07,22.63259,114.030912,6.409775323268447,105.6527723538573,-0.3327546690722318
320,2019-08-29 15:32:08,22.632575,114.03097,6.077020654196215,97.44967354461136,-0.2334432037943994
320,2019-08-29 15:32:09,22.632568,114.031028,5.843577450401815,96.7406625040851,0.0588092103955144
320,2019-08-29 15:32:10,22.632562,114.031083,5.90238666079733,81.78003014477503,-0.0520990208849401
320,2019-08-29 15:32:11,22.63257,114.031143,5.8502876399123895,97.9946091827412,-0.269022488922106
320,2019-08-29 15:32:12,22.632563,114.031197,5.581265150990284,102.67293060179406,-0.3486665904864914
320,2019-08-29 15:32:13,22.632552,114.03125,5.232598560503792,109.85689401917124,-0.4858850789047597
320,2019-08-29 15:32:14,22.632537,114.031295,4.746713481599032,109.8568926538797,-0.3361662285341626
320,2019-08-29 15:32:15,22.63252300000001,114.031337,4.41054725306487,113.15498051835164,0.98161145821601
320,2019-08-29 15:32:16,22.632508,114.031375,5.39215871128088,129.46833713892602,1.8837083033170077
320,2019-08-29 15:32:17,22.63247,114.031425,7.275867014597887,91.46028193546256,0.3998744729963919
320,2019-08-29 15:32:18,22.632468,114.03151,7.675741487594279,107.20001184066824,-0.7758799783385584
320,2019-08-29 15:32:19,22.63245,114.031573,6.899861509255721,108.43650873861412,0.0189221595695183
320,2019-08-29 15:32:20,22.63243,114.031638,6.918783668825239,102.2261934765536,-0.2467712645497517
320,2019-08-29 15:32:21,22.632417,114.031703,6.672012404275487,75.96251226121632,-0.1312889723145671
320,2019-08-29 15:32:22,22.632432,114.031768,6.54072343196092,81.78003782083857,-0.3405272878691692
320,2019-08-29 15:32:23,22.63244,114.031828,6.200196144091751,84.84096721616874,-0.179767240699701
320,2019-08-29 15:32:24,22.632445,114.031888,6.02042890339205,86.73635967171651,-1.4367494560996033
320,2019-08-29 15:32:25,22.632448,114.031945,4.583679447292447,108.70468804440156,-0.711610710027804
320,2019-08-29 15:32:26,22.632438,114.031977,3.8720687372646423,114.5216128359151,0.7174729879397281
320,2019-08-29 15:32:27,22.632422,114.032015,4.589541725204371,115.5816356821806,-0.7948831318550256
320,2019-08-29 15:32:28,22.632403,114.032058,3.794658593349345,96.86430672660975,-1.382804019345352
320,2019-08-29 15:32:29,22.6324,114.032085,2.411854574003993,80.7692826397651,-0.6123538604978118
320,2019-08-29 15:32:30,22.632403,114.032105,1.7995007135061811,94.13122880427976,-0.4139672347952512
320,2019-08-29 15:32:31,22.632402,114.03212,1.38553347871093,84.8409779377144,-0.2879006278125626
320,2019-08-29 15:32:32,22.632403,114.032132,1.0976328508983677,137.29321232038,0.4649419779495221
320,2019-08-29 15:32:33,22.632395,114.03213999999998,1.5625748288478896,146.74270132214508,0.1231401269246904
320,2019-08-29 15:32:36,22.632357,114.032167,1.9319952096219608,155.22683660437633,1.4758258749036122
320,2019-08-29 15:32:37,22.632335,114.032178,3.407821084525573,170.09486007683597,1.1557894877127874
320,2019-08-29 15:32:38,22.632298,114.032185,4.56361057223836,183.52113685171705,0.7340787609954651
320,2019-08-29 15:32:39,22.632253,114.032182,5.2976893332338255,185.27342530621095,0.5840850433893694
320,2019-08-29 15:32:40,22.632203,114.032177,5.881774376623195,188.58877853567608,0.4416827579728704
320,2019-08-29 15:32:41,22.632148,114.032168,6.323457134596065,184.54935570212464,-0.0402881116189188
320,2019-08-29 15:32:42,22.63209,114.03216299999998,6.283169022977146,197.4046467089109,-0.1864570549194795
320,2019-08-29 15:32:43,22.632037,114.032145,6.096711968057667,187.7863399922683,0.2097974606465902
320,2019-08-29 15:32:44,22.631983,114.032137,6.306509428704257,199.93092589919365,0.446184756884179
320,2019-08-29 15:32:45,22.631927,114.032115,6.752694185588436,194.65552682223867,-0.1115068629616935
320,2019-08-29 15:32:46,22.631867,114.032098,6.641187322626743,196.8080784437318,-0.2267890127696263
320,2019-08-29 15:32:47,22.631812,114.03208,6.414398309857116,190.99640407129715,0.3249344494052542
320,2019-08-29 15:32:48,22.631755,114.032068,6.73933275926237,190.9531430608455,-0.0039981504826442
320,2019-08-29 15:32:49,22.631693,114.032055,6.735334608779726,184.5493706896742,-0.1730278977449222
320,2019-08-29 15:32:50,22.631635,114.03205,6.562306711034804,178.23775900392843,-0.0565938959596863
320,2019-08-29 15:32:51,22.631575,114.032052,6.505712815075118,180.0,-0.3794514657054009
320,2019-08-29 15:32:52,22.631518,114.032052,6.126261349369717,186.95037817682683,-0.9249758204198056
320,2019-08-29 15:32:53,22.631465,114.032045,5.201285528949911,157.44445965424154,0.5809396866327727
320,2019-08-29 15:32:54,22.631425,114.032063,5.782225215582684,176.59215405220766,1.6209574082769589
320,2019-08-29 15:32:55,22.631363,114.032067,7.403182623859642,177.7665959988691,-0.8067230964805301
320,2019-08-29 15:32:56,22.631292,114.03207,6.596459527379112,211.6053864467612,-0.2619859633028225
320,2019-08-29 15:32:57,22.631247,114.03204,6.33447356407629,202.0393312002277,0.1507171953823833
320,2019-08-29 15:32:58,22.63119,114.032015,6.485190759458673,199.5448868608278,0.0569223636371711
320,2019-08-29 15:32:59,22.631138,114.031995,6.542113123095844,185.8555394247853,0.1237125148580942
320,2019-08-29 15:33:00,22.631075,114.03198799999998,6.6658256379539385,195.02995834764235,-0.8156843772442723
320,2019-08-29 15:33:01,22.63102,114.031972,5.850141260709666,193.26039152862077,-1.2975748570965768
320,2019-08-29 15:33:02,22.630973,114.03196,4.552566403613089,204.06621456842,-0.9058232158651878
320,2019-08-29 15:33:03,22.630942,114.031945,3.6467431877479015,219.0849687127803,-0.9824359824014413
320,2019-08-29 15:33:04,22.630917,114.031923,2.6643072053464603,189.2512564798244,-1.141405145932295
320,2019-08-29 15:33:05,22.6309,114.03192,1.5229020594141651,190.45908869796125,-0.3478624053176953
320,2019-08-29 15:33:06,22.63089,114.031918,1.17503965409647,229.0833453572186,-0.7185721636932736
320,2019-08-29 15:33:07,22.630882,114.031908,0.4564674904031965,89.999997680148,0.5248684340580914
320,2019-08-29 15:33:08,22.630882,114.03192,0.981335924461288,107.19983677711951,-0.5588508440493538
320,2019-08-29 15:33:09,22.63088,114.031927,0.4224850804119341,180.0,0.742387027865379
320,2019-08-29 15:33:10,22.630878,114.031927,1.1648721082773132,111.02871991366976,0.0699479068150369
320,2019-08-29 15:33:12,22.630867,114.031958,1.304767921907387,38.925300045459096,-0.5819865713164029
320,2019-08-29 15:33:13,22.630875,114.031965,0.7227813505909843,42.70710227073948,0.0338211592235587
320,2019-08-29 15:33:14,22.630877,114.031967,0.756602509814543,42.70709717844272,0.0350527239389409
320,2019-08-29 15:33:17,22.630895,114.031985,0.8617606816313658,308.0421253444304,2.5377090837288856
320,2019-08-29 15:33:18,22.630908,114.031967,3.3994697653602515,352.9840600716621,0.5989537254173487
320,2019-08-29 15:33:20,22.630983,114.031957,4.597377216194949,333.79046646383694,-0.3361510382719697
320,2019-08-29 15:33:21,22.631028,114.031933,4.261226177922979,317.2929348353936,-1.426724266603102
320,2019-08-29 15:33:22,22.631048,114.031913,2.8345019113198773,299.4778911241111,0.157369224166473
320,2019-08-29 15:33:23,22.63106,114.03189,2.9918711354863503,328.6510253213758,1.6990969118978
320,2019-08-29 15:33:25,22.63111,114.031857,6.390064959281951,69.0011163093161,8.717340696762966
320,2019-08-29 15:33:26,22.631172,114.032032,15.107405656044916,69.23335841577102,-6.856343954262352
320,2019-08-29 15:33:27,22.631207,114.032132,8.251061701782564,62.564354977853725,6.359472222581639
320,2019-08-29 15:33:28,22.63123,114.03218,14.610533924364203,67.35930761402409,8.158230580122082
320,2019-08-29 15:33:29,22.631312,114.032393,22.768764504486285,69.13792504414658,-10.093371259623332
320,2019-08-29 15:33:30,22.631382,114.032592,12.675393244862953,84.69444165870846,-10.798125352266526
320,2019-08-29 15:33:31,22.631385,114.032627,1.8772678925964263,17.101379325972857,-0.5910457420691331
320,2019-08-29 15:33:32,22.631388,114.032628,1.2862221505272933,219.71640427977337,12.296168343800275
320,2019-08-29 15:33:33,22.631368,114.03261,13.582390494327568,248.5188885431049,6.536135703345449
320,2019-08-29 15:33:34,22.631287,114.032387,20.118526197673017,264.0145841473196,-15.396101500149086
320,2019-08-29 15:33:35,22.631272,114.032232,4.722424697523931,77.3979660330221,10.436956807611654
320,2019-08-29 15:33:36,22.631285,114.032295,15.159381505135585,234.9382442327738,0.3402930482115014
320,2019-08-29 15:33:40,22.630862,114.031642,16.52055369798159,318.1704076116277,-13.242295232549182
320,2019-08-29 15:33:41,22.630895,114.03161,3.278258465432408,25.713913743634578,-0.7108480489468412
320,2019-08-29 15:33:42,22.630918,114.031622,2.5674104164855667,35.2154184470171,-1.9099035191442175
320,2019-08-29 15:33:43,22.630935,114.031635,0.657506897341349,7.754869378014746,-0.0034072458432643
320,2019-08-29 15:34:06,22.631057,114.031653,0.5791402429462684,280.23562199200023,1.217016527553069
320,2019-08-29 15:34:07,22.63106,114.031635,1.7961567704993378,315.002336709637,-1.3873423343413724
320,2019-08-29 15:34:08,22.631072,114.031622,0.4088144361579653,252.0523854604539,0.0006778701370527
320,2019-08-29 15:34:35,22.631043,114.031525,0.4271169298583892,191.3458818758127,2.485774536291067
320,2019-08-29 15:34:36,22.63102,114.03152,2.912891466149456,194.77340686560095,0.3800448110769663
320,2019-08-29 15:34:37,22.63099200000001,114.031512,3.2929362772264223,188.7454672076996,0.4409201262692996
320,2019-08-29 15:34:38,22.630962,114.031507,3.733856403495722,180.0,0.9919279790165604
320,2019-08-29 15:34:39,22.630925,114.031507,4.725784382512282,180.0,0.7227670232181627
320,2019-08-29 15:34:40,22.630877,114.031507,5.448551405730445,180.0,0.0555974633652818
320,2019-08-29 15:34:41,22.630827,114.031507,5.504148869095727,180.0,0.0555974631884499
320,2019-08-29 15:34:42,22.630778,114.031507,5.559746332284177,180.0,0.2408112178996333
320,2019-08-29 15:34:43,22.630727,114.031507,5.80055755018381,162.28124054946318,0.4238367101498017
320,2019-08-29 15:34:44,22.630675,114.031525,6.224394260333612,149.4286752553673,0.4341673331741873
320,2019-08-29 15:34:45,22.630625,114.031557,6.658561593507799,147.42127866359567,0.9167229016367848
320,2019-08-29 15:34:46,22.630573,114.031593,7.575284495144584,138.32960443565264,1.7556353691285065
320,2019-08-29 15:34:47,22.630517,114.031647,9.33091986427309,142.73407829406858,2.0603237883470733
320,2019-08-29 15:34:48,22.630443,114.031708,11.391243652620163,139.37524921941247,9.806994935848287
320,2019-08-29 15:34:49,22.630358,114.031787,21.198238588468453,135.1293223224149,3.5416514917280715
320,2019-08-29 15:34:50,22.630167,114.031993,24.739890080196524,137.29271175937845,-6.380124820841584
320,2019-08-29 15:34:51,22.630038,114.032122,18.35976525935494,140.80877076327806,-2.200526986497657
320,2019-08-29 15:34:52,22.629918,114.032228,16.159238272857284,141.3016658575982,-2.954886698443852
320,2019-08-29 15:34:53,22.629812,114.03232,13.204351574413431,141.88371573312486,-1.9293333507331845
320,2019-08-29 15:34:54,22.629732,114.03238799999998,11.275018223680249,142.29518691856833,0.504593210068613
320,2019-08-29 15:34:55,22.629652,114.032455,11.77961143374886,144.32550179724916,0.9165580256683707
320,2019-08-29 15:34:56,22.629562,114.032525,12.69616945941723,145.58406922583993,-0.7972143526002018
320,2019-08-29 15:34:57,22.629465,114.032597,11.898955106817027,151.50030110535567,-1.362850545747321
320,2019-08-29 15:34:58,22.62938,114.032647,10.536104561069708,153.41528392091902,0.2561109796337124
320,2019-08-29 15:34:59,22.629297,114.032692,10.79221554070342,155.22633892369367,0.951826124956149
320,2019-08-29 15:35:00,22.629205,114.032738,11.74404166565957,153.04210784822817,1.6506419903030205
320,2019-08-29 15:35:01,22.629107,114.032792,13.39468365596259,150.45699391022265,-0.0409942284528099
320,2019-08-29 15:35:02,22.628993,114.032862,13.35368942750978,157.1989091915193,0.3901579038336518
320,2019-08-29 15:35:03,22.628892,114.032908,13.743847331343432,150.35172889509886,0.339680215951974
320,2019-08-29 15:35:04,22.628772,114.032982,14.083527547295406,161.01504382649273,-1.1814947978254011
320,2019-08-29 15:35:05,22.628662,114.033023,12.902032749470004,161.8792092144812,-0.0946467613253307
320,2019-08-29 15:35:06,22.628552,114.03306200000002,12.807385988144674,163.63312032850445,-0.0878959798190717
320,2019-08-29 15:35:07,22.628442,114.033097,12.719490008325602,164.52226892941167,-0.427107019690272
320,2019-08-29 15:35:08,22.628332,114.03313,12.29238298863533,162.42581706420344,-0.1299197248825176
320,2019-08-29 15:35:09,22.62823,114.033165,12.162463263752812,163.19973094378088,0.2582067601147404
320,2019-08-29 15:35:10,22.628123,114.0332,12.420670023867553,161.69089092783065,0.0174521775503873
320,2019-08-29 15:35:11,22.628017,114.03323799999998,12.43812220141794,166.2026286724572,-0.1319712946133187
320,2019-08-29 15:35:12,22.627908,114.033267,12.30615090680462,166.29762872941217,-0.2403206581053183
320,2019-08-29 15:35:13,22.627802,114.033295,12.065830248699305,166.64796498261012,-0.168665217977745
320,2019-08-29 15:35:14,22.627697,114.033322,11.897165030721558,158.15366331147106,-0.1314469233539643
320,2019-08-29 15:35:15,22.62759800000001,114.033365,11.765718107367594,162.09648242847106,0.047734065094561
320,2019-08-29 15:35:16,22.627498000000006,114.0334,11.813452172462156,163.52563409211973,-0.1313655542893794
320,2019-08-29 15:35:17,22.627395,114.033433,11.682086618172775,149.69013489944723,0.8787302524210041
320,2019-08-29 15:35:18,22.627305,114.03349,12.56081687059378,146.91378413980567,0.6207585981113777
320,2019-08-29 15:35:19,22.627203,114.03356200000002,13.181575468705155,160.1595317088677,-0.5683272469283533
320,2019-08-29 15:35:20,22.627093,114.033605,12.613248221776804,155.22598797541093,-0.5499683708140175
320,2019-08-29 15:35:21,22.626993,114.033655,12.063279850962786,163.5255768725533,-0.0961092977108428
320,2019-08-29 15:35:22,22.62689,114.03368799999998,11.967170553251943,166.64787955581562,-0.0323100949941874
320,2019-08-29 15:35:23,22.626785,114.033715,11.934860458257756,158.81002802861394,-0.199557156441255
320,2019-08-29 15:35:24,22.626685,114.033757,11.7353033018165,151.99833964175673,-0.4176019749877593
320,2019-08-29 15:35:25,22.626593,114.03381,11.31770132682874,152.32522565909255,-1.1903222576258743
320,2019-08-29 15:35:26,22.626505,114.03386,10.127379069202869,168.6803819837694,-0.989958258439648
320,2019-08-29 15:35:27,22.626422,114.033878,9.13742081076322,172.01872339330396,0.1761708172465326
320,2019-08-29 15:35:28,22.626343,114.03389,9.313591628009751,164.8113865834689,-0.3220912597724137
320,2019-08-29 15:35:29,22.626258,114.033915,8.991500368237338,161.75492850992975,-1.5310786913809515
320,2019-08-29 15:35:30,22.626188,114.03394,7.460421676856386,157.60495232003598,-0.7586541232040833
320,2019-08-29 15:35:31,22.626132,114.033965,6.701767553652303,149.63940648080495,-0.4401837006011133
320,2019-08-29 15:35:32,22.62608,114.033998,6.26158385305119,149.2539080781312,-1.0546637390149902
320,2019-08-29 15:35:33,22.626035,114.034027,5.206920114036199,156.3837295660802,-1.0578107527715748
320,2019-08-29 15:35:34,22.625997,114.034045,4.149109361264625,133.92034494171264,-0.4532704323776175
320,2019-08-29 15:35:35,22.625973,114.034072,3.695838928887007,155.2258226349012,1.3421859305576072
320,2019-08-29 15:35:36,22.625943,114.034087,5.038024859444614,133.99801886004923,0.8136643558307961
320,2019-08-29 15:35:37,22.625902,114.034133,5.85168921527541,137.291853862043,-1.178174070423081
320,2019-08-29 15:35:38,22.625868,114.034167,4.673515144852329,162.47514517731167,0.0813793013243842
320,2019-08-29 15:35:39,22.62583,114.03418,4.7548944461767135,150.01942819237956,0.7205367124581556
320,2019-08-29 15:35:40,22.62579,114.034205,5.475431158634869,153.8500054179376,0.2291841503118989
320,2019-08-29 15:35:41,22.625743,114.03423,5.704615308946768,161.89695421193142,0.2397094273991884
320,2019-08-29 15:35:42,22.625695,114.034247,5.944324736345957,159.91091155457912,1.1576427682555137
320,2019-08-29 15:35:43,22.625642000000006,114.034268,7.10196750460147,155.5620495780588,0.6725382367987578
320,2019-08-29 15:35:44,22.625577,114.0343,7.774505741400228,166.07270319970462,0.2629345101342704
320,2019-08-29 15:35:45,22.62551,114.034318,8.037440251534498,157.12215533977235,0.64510324109626
320,2019-08-29 15:35:46,22.62544,114.03435,8.682543492630758,165.4072900424649,-0.456879413364371
320,2019-08-29 15:35:47,22.625362,114.034372,8.225664079266387,161.64840516807303,-1.3423855727626035
320,2019-08-29 15:35:48,22.625298,114.034395,6.883278506503784,170.64016870990486,-0.490849018854294
320,2019-08-29 15:35:49,22.625242,114.034405,6.39242948764949,168.11178877957582,0.2584103425564681
320,2019-08-29 15:35:50,22.625185,114.034418,6.650839830205958,167.84550936966968,-0.1395827654622312
320,2019-08-29 15:35:51,22.625125,114.034432,6.511257064743727,170.47307063312564,-0.5839826909991839
320,2019-08-29 15:35:52,22.62507,114.034442,5.927274373744543,169.5404743428394,-0.1094832196776893
320,2019-08-29 15:35:53,22.625020000000006,114.034452,5.817791154066853,170.1205153388246,0.5200056120907792
320,2019-08-29 15:35:54,22.624967,114.034462,6.337796766157632,168.5038473157332,0.2733266787896733
320,2019-08-29 15:35:55,22.624908,114.034475,6.611123444947306,170.95747084669676,-0.4260334693382628
320,2019-08-29 15:35:56,22.62485,114.034485,6.185089975609043,171.91765333137823,-0.1725306235714931
320,2019-08-29 15:35:57,22.624798,114.034493,6.01255935203755,171.4107656344537,0.6722135338407931
320,2019-08-29 15:35:58,22.624743,114.034502,6.684772885878343,166.80672651020916,0.7386524589554195
320,2019-08-29 15:35:59,22.62468,114.034518,7.423425344833762,166.81859759715348,-0.1966509495641402
320,2019-08-29 15:36:00,22.624613,114.034535,7.226774395269622,168.6904431115006,-0.6193303399182168
320,2019-08-29 15:36:01,22.624553,114.034548,6.607444055351405,166.11244841958478,0.1077127085846818
320,2019-08-29 15:36:02,22.624497,114.034563,6.715156763936087,158.63847385347867,0.2588766310215469
320,2019-08-29 15:36:03,22.624438,114.034588,6.974033394957634,159.09562643767526,0.0860411977884618
320,2019-08-29 15:36:04,22.62438,114.034612,7.060074592746096,162.63840859272227,-0.170420758455986
320,2019-08-29 15:36:05,22.624318,114.034633,6.88965383429011,161.75468992655692,0.1438596046563507
320,2019-08-29 15:36:06,22.624262,114.034653,7.033513438946461,164.14467284970908,0.7754978545073294
320,2019-08-29 15:36:07,22.624197,114.034673,7.80901129345379,163.82250825696394,0.2139858601398581
320,2019-08-29 15:36:08,22.624127,114.034695,8.022997153593648,165.02132203861754,0.1607835652459108
320,2019-08-29 15:36:09,22.624058,114.034715,8.183780718839559,164.45453705250986,0.3354098777323013
320,2019-08-29 15:36:10,22.623985,114.034737,8.51919059657186,165.5087887195025,-0.0798606345113537
320,2019-08-29 15:36:11,22.62391,114.034758,8.439329962060507,165.61900348928873,-0.2281596685342464
320,2019-08-29 15:36:12,22.623838,114.034778,8.21117029352626,165.42501668779005,0.6719000482098014
320,2019-08-29 15:36:13,22.623767,114.034798,8.883070341736062,166.40941470598182,0.648606793949547
320,2019-08-29 15:36:14,22.623683,114.03482,9.531677135685609,167.4602775861274,-0.7810815858991536
320,2019-08-29 15:36:15,22.6236,114.03484,8.750595549786455,165.2258260814566,-0.700812239813029
320,2019-08-29 15:36:16,22.62353,114.03486,8.049783309973426,165.22581886004207,0.1339998739360428
320,2019-08-29 15:36:17,22.62346,114.03488,8.183783183909469,164.2492095786721,-0.2143224423013663
320,2019-08-29 15:36:18,22.623388,114.034902,7.969460741608103,164.37298969767426,-0.0137261131275634
320,2019-08-29 15:36:19,22.623322,114.034922,7.955734628480539,164.93186564867003,0.8049436195574655
320,2019-08-29 15:36:20,22.62325,114.034943,8.760678248038005,164.52171573447924,1.1403660479823454
320,2019-08-29 15:36:21,22.62317,114.034967,9.90104429602035,165.37945269935074,0.2433340922083324
320,2019-08-29 15:36:22,22.623078,114.034993,10.144378388228684,166.5634084544913,-0.9913768056323172
320,2019-08-29 15:36:23,22.622993,114.035015,9.153001582596366,166.17164407066502,-0.5263587607454934
320,2019-08-29 15:36:24,22.622918,114.035035,8.626642821850872,164.19473135355167,-0.1872905285621726
320,2019-08-29 15:36:25,22.622843,114.035058,8.4393522932887,164.03852806512077,-0.067448725251948
320,2019-08-29 15:36:26,22.622772,114.03508,8.371903568036752,164.6545085331312,0.0547824872623863
320,2019-08-29 15:36:27,22.622698,114.035102,8.426686055299138,167.17771728302807,-0.7542749346457924
320,2019-08-29 15:36:28,22.622625,114.03512,7.672411120653345,169.04614701587082,0.2440004532376951
320,2019-08-29 15:36:29,22.622563,114.035133,7.91641157389104,163.10971954967056,0.1204417437744185
320,2019-08-29 15:36:30,22.622487,114.035158,8.036853317665459,168.58436717748828,-1.0814272581160562
320,2019-08-29 15:36:31,22.622423,114.035172,6.955426059549403,165.71396312466186,-0.2177232375778723
320,2019-08-29 15:36:32,22.622365,114.035188,6.7377028219715305,160.703501336792,-0.2277066602845163
320,2019-08-29 15:36:33,22.622307,114.03521,6.509996161687014,165.61884465599292,-0.5519813662993709
320,2019-08-29 15:36:34,22.622253,114.035225,5.958014795387643,166.504487651315,-0.1617290058673139
320,2019-08-29 15:36:35,22.622203,114.035238,5.796285789520329,164.81095405025928,0.5777523880129545
320,2019-08-29 15:36:36,22.622152,114.035253,6.374038177533284,162.6249748510677,0.6371975482391896
320,2019-08-29 15:36:37,22.622093,114.035273,7.011235725772473,161.5869996772553,0.8416751253527153
320,2019-08-29 15:36:38,22.622032,114.035295,7.852910851125189,163.99192443078414,0.5085793460790375
320,2019-08-29 15:36:39,22.621958,114.035318,8.361490197204226,162.43852115675907,-0.7208546056315521
320,2019-08-29 15:36:40,22.621888,114.035342,7.640635591572674,162.3709895898519,-0.6071115631176527
320,2019-08-29 15:36:41,22.621827,114.035363,7.033524028455021,163.7061656892662,-0.2520983617362269
320,2019-08-29 15:36:42,22.621767,114.035382,6.781425666718794,171.10806456550574,0.1217399816961783
320,2019-08-29 15:36:43,22.621708,114.035392,6.903165648414973,167.60474852954496,0.141908611040999
320,2019-08-29 15:36:44,22.621645,114.035407,7.045074259455972,164.52154592138686,-0.2812504265200832
320,2019-08-29 15:36:45,22.621585,114.035425,6.763823832935889,157.2382795360095,-1.8669744340242584
320,2019-08-29 15:36:46,22.62153,114.03545,4.89684939891163,180.0,-0.5575151283039297
320,2019-08-29 15:36:47,22.6215,114.03545,4.339334270607701,176.6981723352785,0.5850647865920218
320,2019-08-29 15:36:48,22.621452,114.035453,4.9243990571997225,160.45383534012876,-0.8480350360857658
320,2019-08-29 15:36:49,22.621413,114.035468,4.076364021113957,180.0,-0.5869309064337132
320,2019-08-29 15:36:50,22.62138,114.035468,3.4894331146802435,207.81016038326948,0.1854695869318656
320,2019-08-29 15:36:51,22.621352,114.035452,3.674902701612109,175.7197756413384,0.22536984059635
320,2019-08-29 15:36:52,22.621315,114.035455,3.900272542208459,176.79801237321408,0.0080949261792837
320,2019-08-29 15:36:53,22.621282,114.035457,3.908367468387743,172.8897153911173,0.7151598807418482
320,2019-08-29 15:36:54,22.621245,114.035462,4.623527349129591,168.40793402618078,0.2235881970105389
320,2019-08-29 15:36:55,22.6212,114.035472,4.84711554614013,165.75666798156817,-0.8547165971979274
320,2019-08-29 15:36:56,22.62116,114.035483,3.9923989489422023,155.2250598106998,-0.5214494367022322
320,2019-08-29 15:36:57,22.621132,114.035497,3.4709495122399705,148.39272746028092,-0.3417209566817605
320,2019-08-29 15:36:58,22.621105,114.035515,3.12922855555821,153.27510855927324,-0.3660017655725696
320,2019-08-29 15:36:59,22.621083,114.035527,2.7632267899856404,146.60173986081054,-0.4176819490331707
320,2019-08-29 15:37:00,22.621062,114.035542,2.3455448409524697,124.1015017283624,-0.647740692788958
320,2019-08-29 15:37:01,22.621052,114.035558,1.6978041481635118,140.28148094589483,-0.2681754645589647
320,2019-08-29 15:37:02,22.621042000000006,114.035567,1.429628683604547,176.22774823839563,-0.5723620074063189
320,2019-08-29 15:37:03,22.621028,114.035568,0.8572666761982282,270.0000015300055,-0.1169984626774927
320,2019-08-29 15:37:04,22.621028,114.03556,0.7402682135207355,198.1036261126648,0.0333497765739347
320,2019-08-29 15:37:11,22.62098,114.035543,0.9737166495382787,149.5696858942922,1.5567881592507185
320,2019-08-29 15:37:12,22.620958,114.035557,2.530504808788997,167.00548110964098,0.7171041817914716
320,2019-08-29 15:37:13,22.620938,114.035562,3.247608990580469,161.56518057668848,1.7164666098252503
320,2019-08-29 15:37:14,22.620902,114.035575,4.964075600405719,166.50435990019184,0.8501902458171209
320,2019-08-29 15:37:15,22.620852,114.035588,5.81426584622284,167.97479968609446,0.1693369743584796
320,2019-08-29 15:37:16,22.6208,114.0356,5.98360282058132,162.2800410349107,0.5180823339999909
320,2019-08-29 15:37:17,22.62074800000001,114.035618,6.501685154581311,158.30359712022414,0.426609269917952
320,2019-08-29 15:37:18,22.62069,114.035643,6.928294424499263,156.38290878934413,-0.7144965538868444
320,2019-08-29 15:37:19,22.620633,114.03567,6.213797870612418,158.13264698405112,-0.4492160463886101
320,2019-08-29 15:37:20,22.620587,114.03569,5.764581824223808,154.78165931037006,-0.2535782950692242
320,2019-08-29 15:37:21,22.620538,114.035715,5.511003529154584,155.75894484771743,-1.2355938019715342
320,2019-08-29 15:37:22,22.620497,114.035735,4.27540972718305,159.73438376665786,-1.2553149973020266
320,2019-08-29 15:37:23,22.620467,114.035747,3.020094729881023,153.08354284002996,-0.8660473305370977
320,2019-08-29 15:37:24,22.620447,114.035758,2.1540473993439253,156.6951951658176,1.002593824164835
320,2019-08-29 15:37:25,22.620432,114.03576499999998,3.15664122350876,164.14425632033067,0.939884040515954
320,2019-08-29 15:37:26,22.620393,114.035777,4.096525264024714,153.78870361869076,-0.1171843037515487
320,2019-08-29 15:37:27,22.620363,114.035793,3.979340960273165,160.25322430274082,1.319942446080646
320,2019-08-29 15:37:28,22.620327,114.035807,5.299283406353811,161.1255018801246,0.8587061304365298
320,2019-08-29 15:37:29,22.620273,114.035827,6.157989536790341,169.1546017159767,0.2024817574360273
320,2019-08-29 15:37:30,22.62022,114.03583799999998,6.360471294226368,163.17538576765605,0.0793656067916845
320,2019-08-29 15:37:31,22.620162,114.035857,6.439836901018053,167.47121359467317,-0.1909831414048683
320,2019-08-29 15:37:32,22.620108,114.03587,6.248853759613184,168.8112148232617,0.6523708952766878
320,2019-08-29 15:37:33,22.620052,114.035882,6.901224654889872,165.66104059504528,0.2633856148222593
320,2019-08-29 15:37:34,22.619987,114.0359,7.164610269712131,162.62471773016318,-0.0702730491613907
320,2019-08-29 15:37:35,22.619928,114.03592,7.094337220550741,157.77630062567152,0.5171091941649681
320,2019-08-29 15:37:36,22.619867000000006,114.035947,7.611446414715709,156.23913431953065,0.2650796145299443
320,2019-08-29 15:37:37,22.619802,114.035978,7.876526029245653,156.92425362442748,-0.2723620622785034
320,2019-08-29 15:37:38,22.619737,114.036008,7.60416396696715,159.58428241887464,0.0483187205534463
320,2019-08-29 15:37:39,22.619675,114.036033,7.652482687520596,159.59545676529478,0.6148184521894926
320,2019-08-29 15:37:40,22.619608,114.03606,8.267301139710089,156.77888712482536,0.394841636701674
320,2019-08-29 15:37:41,22.619537,114.036093,8.662142776411763,156.4476742448777,-0.1937856550768231
320,2019-08-29 15:37:42,22.619465,114.036127,8.46835712133494,157.177866511885,0.0762292391445349
320,2019-08-29 15:37:43,22.619397,114.036158,8.544586360479475,159.73422834125518,0.2932072125027396
320,2019-08-29 15:37:44,22.619322,114.036188,8.837793572982214,161.6178782823206,-0.1912640107018024
320,2019-08-29 15:37:45,22.619247,114.03621499999998,8.646529562280412,160.25307134863658,0.0203274823296144
320,2019-08-29 15:37:46,22.619175,114.036243,8.666857044610026,156.7357456708694,0.2120491442805168
320,2019-08-29 15:37:47,22.619102,114.036277,8.878906188890543,159.11610637455635,0.1692988907472727
320,2019-08-29 15:37:48,22.619027,114.036308,9.048205079637816,159.01223982599345,0.1925295189727922
320,2019-08-29 15:37:49,22.61895,114.03634,9.240734598610608,158.66759584046952,-0.1036079048968297
320,2019-08-29 15:37:50,22.618872,114.036373,9.137126693713778,158.50303786415225,-0.4125655926493703
320,2019-08-29 15:37:51,22.618797,114.036405,8.724561101064408,156.48284416542367,-0.0513461870628635
320,2019-08-29 15:37:52,22.618727,114.036438,8.673214914001544,158.23950276728235,0.296090412286075
320,2019-08-29 15:37:53,22.618653,114.03647,8.96930532628762,156.69491356179765,0.2251519881013539
320,2019-08-29 15:37:54,22.618578,114.036505,9.194457314388972,158.66754334274265,-0.4569950378895377
320,2019-08-29 15:37:55,22.6185,114.036538,8.737462276499436,157.84168049677896,-0.5217222807252426
320,2019-08-29 15:37:56,22.618432,114.036568,8.215739995774193,158.13232641945444,-0.01909666600754
320,2019-08-29 15:37:57,22.618363,114.036598,8.196643329766653,158.5119449600361,-0.5962337014520616
320,2019-08-29 15:37:58,22.618295,114.036627,7.600409628314591,160.51365637115168,-0.5403012863861401
320,2019-08-29 15:37:59,22.618235,114.03665,7.060108341928451,161.3008029501559,0.1841319267094476
320,2019-08-29 15:38:00,22.618175,114.036672,7.244240268637899,153.0831497609904,-0.0252063095048864
320,2019-08-29 15:38:01,22.618115,114.036705,7.219033959133013,155.6082137793701,-0.372972108392207
320,2019-08-29 15:38:02,22.618058,114.036733,6.8460618507408055,157.60375888115163,-0.078939701525555
320,2019-08-29 15:38:03,22.618002,114.036758,6.7671221492152505,158.76041874011946,-0.0519354872407173
320,2019-08-29 15:38:04,22.617945,114.036782,6.715186661974533,165.71351693297322,-0.2476045828091786
320,2019-08-29 15:38:05,22.617887,114.036798,6.467582079165354,156.068660559994,-0.7029817791184527
320,2019-08-29 15:38:06,22.617835,114.036823,5.764600300046902,156.76399512079843,-0.8871976783140143
320,2019-08-29 15:38:07,22.617792,114.036843,4.877402621732887,154.63812372249458,-1.112742328004772
320,2019-08-29 15:38:08,22.617755,114.036862,3.7646602937281153,148.95138456388884,-1.1928494243569734
320,2019-08-29 15:38:09,22.617732,114.036877,2.571810869371142,163.74846224646342,-0.5830574710800016
320,2019-08-29 15:38:10,22.617713,114.036883,1.9887533982911405,173.41795245824187,-1.695301969253073
320,2019-08-29 15:38:11,22.617697,114.036885,0.2934514290380673,164.14394943125228,-0.0007179292598569
320,2019-08-29 15:38:57,22.617593,114.036917,0.2604266830846489,230.9066056223216,0.1903551983132677
320,2019-08-29 15:38:58,22.61759,114.03691299999998,0.4507818813979166,161.61766889213766,0.0361594883043423
320,2019-08-29 15:39:04,22.617565,114.036922,0.6677388112239706,162.89699985956452,0.0210142994368988
320,2019-08-29 15:39:05,22.61755,114.036927,0.6887531106608694,180.0,-0.1061043301617609
320,2019-08-29 15:39:07,22.617547,114.036927,0.4765444503373475,342.89700143215765,0.2381275766209295
320,2019-08-29 15:39:08,22.617562,114.036922,0.714672026958277,157.23768327039193,0.1039933476515086
320,2019-08-29 15:39:12,22.617518,114.036942,1.1306454175643117,162.89699592820568,-1.0167245503401483
320,2019-08-29 15:39:13,22.617515,114.036943,0.1139208672241631,307.17378607741864,-0.0019301389933167
320,2019-08-29 15:39:21,22.617522,114.036933,0.0984797552776292,169.5399158300188,0.1557817011629377
320,2019-08-29 15:39:22,22.617512,114.036935,0.254261456440567,352.4877307059379,0.0082570234998067
320,2019-08-29 15:39:32,22.617547,114.03693,0.3368316914386343,180.0,0.6490195919820438
320,2019-08-29 15:39:33,22.617545,114.03693,0.985851283420678,177.35740902551902,-0.0133220119852837
320,2019-08-29 15:39:39,22.617485,114.036933,0.9059192115089754,342.89699262977183,-0.1889153975529828
320,2019-08-29 15:39:40,22.617488,114.036932,0.7170038139559926,151.93997716811873,0.0343004807405358
320,2019-08-29 15:39:51,22.617417,114.036973,1.0943091021018874,126.606577452353,4.051675896754773
320,2019-08-29 15:39:52,22.617393,114.037008,5.145984998856661,129.09334300316277,-0.1334393188678468
320,2019-08-29 15:39:53,22.61736,114.037052,5.012545679988814,109.3959812136622,-0.6101070136202003
320,2019-08-29 15:39:54,22.617347,114.037092,4.402438666368614,100.00145732766111,0.1224158935264396
320,2019-08-29 15:39:55,22.61734,114.037135,4.524854559895053,73.88685294329753,0.3493745078315085
320,2019-08-29 15:39:56,22.617352,114.03718,4.874229067726562,68.93439576445178,0.6144597691815052
320,2019-08-29 15:39:57,22.617368,114.037225,5.488688836908067,69.48234835041035,0.5465389972361638
320,2019-08-29 15:39:58,22.617387,114.03728,6.035227834144231,44.07205442433195,0.4888504365890282
320,2019-08-29 15:39:59,22.617428,114.037323,6.524078270733259,49.8026770050638,0.702315736085624
320,2019-08-29 15:40:00,22.617467,114.037373,7.226394006818883,59.03666844160517,0.6879591034575752
320,2019-08-29 15:40:01,22.617503,114.037438,7.914353110276458,54.5900000036192,-0.2445452097832001
320,2019-08-29 15:40:02,22.617545,114.037502,7.669807900493258,57.70980981234561,-0.5599310731014082
320,2019-08-29 15:40:03,22.61758,114.037562,7.10987682739185,59.13359570244848,-0.2748643284275243
320,2019-08-29 15:40:04,22.617612,114.03762,6.835012498964326,65.70645088992751,0.0625245019303362
320,2019-08-29 15:40:05,22.617637,114.03768,6.897537000894662,66.73773512156612,0.4649738966276553
320,2019-08-29 15:40:06,22.617662,114.037743,7.362510897522317,63.37831867096008,0.2106892397825381
320,2019-08-29 15:40:07,22.617693,114.03781,7.573200137304855,69.07578538370723,-0.0222788999885237
320,2019-08-29 15:40:08,22.61771700000001,114.037878,7.550921237316332,64.12348938807412,0.0446483551703398
320,2019-08-29 15:40:09,22.617747,114.037945,7.595569592486671,65.6423267975357,0.108829786146793
320,2019-08-29 15:40:10,22.617775,114.038012,7.704399378633465,57.65293403451699,0.4692705916693764
320,2019-08-29 15:40:11,22.617813,114.038077,8.173669970302841,58.24088533937584,0.160075472810055
320,2019-08-29 15:40:12,22.617853,114.038147,8.333745443112896,58.14670214727636,-0.100543984238298
320,2019-08-29 15:40:13,22.617892,114.038215,8.233201458874598,56.45855784401528,0.1848915885902204
320,2019-08-29 15:40:14,22.617933,114.038282,8.418093047464819,54.36317957084259,0.0109918499643466
320,2019-08-29 15:40:15,22.617978,114.03835,8.429084897429165,57.49281502994671,0.022940451795776
320,2019-08-29 15:40:16,22.618018,114.038418,8.452025349224941,61.5573761903583,0.1890911264002657
320,2019-08-29 15:40:17,22.618055,114.038492,8.641116475625207,57.34674561119448,0.3057732027230369
320,2019-08-29 15:40:18,22.618097,114.03856299999998,8.946889678348244,61.25450144309429,-0.0216795079122267
320,2019-08-29 15:40:19,22.618137,114.038642,8.925210170436017,60.580468217450175,-0.5323429031482068
320,2019-08-29 15:40:20,22.618175,114.038715,8.39286726728781,54.37240934887086,0.2929035247127292
320,2019-08-29 15:40:21,22.618218,114.03878,8.68577079200054,59.42105503101607,0.2939869569887268
320,2019-08-29 15:40:22,22.61826,114.038857,8.979757748989266,61.23837025028308,-0.1796234401800536
320,2019-08-29 15:40:23,22.618298,114.038932,8.800134308809213,62.19253674769635,0.2267882584846638
320,2019-08-29 15:40:24,22.618335,114.039008,9.026922567293877,62.77064528959869,-0.441806194343032
320,2019-08-29 15:40:25,22.618373,114.039088,8.585116372950845,56.97640027303885,-0.5272575170805212
320,2019-08-29 15:40:26,22.618412,114.039153,8.057858855870323,61.55730839692819,-0.0216016986500715
320,2019-08-29 15:40:27,22.618447,114.039223,8.036257157220252,60.493830532613686,0.0270700445151792
320,2019-08-29 15:40:28,22.618482,114.03929,8.063327201735431,60.87617484860726,0.2782372809558868
320,2019-08-29 15:40:29,22.618518,114.03936000000002,8.341564482691318,60.89496785333347,0.0719193766799524
320,2019-08-29 15:40:30,22.618555,114.039432,8.41348385937127,60.55314293553204,-0.1970256157990828
320,2019-08-29 15:40:31,22.618592,114.039503,8.216458243572188,62.94614836675231,-0.0902541280399713
320,2019-08-29 15:40:32,22.618625,114.039573,8.126204115532216,59.84713806434439,0.0811852509875183
320,2019-08-29 15:40:33,22.618662,114.039642,8.207389366519735,60.8761429543128,-0.5719792916450164
320,2019-08-29 15:40:34,22.618698,114.039712,7.635410074874718,57.58231177108928,0.1891563715587239
320,2019-08-29 15:40:35,22.618732,114.03977,7.824566446433442,60.58036214925693,0.599151771705742
320,2019-08-29 15:40:36,22.61877,114.039843,8.423718218139184,63.59448984539932,-0.4304637386939678
320,2019-08-29 15:40:37,22.618803,114.039915,7.993254479445216,64.45510060199189,-1.095767511513985
320,2019-08-29 15:40:38,22.618833,114.039983,6.897486967931231,68.4987003011197,-1.3127563581641368
320,2019-08-29 15:40:39,22.618853,114.040038,5.584730609767094,70.92756583179539,-0.914443655971346
320,2019-08-29 15:40:40,22.618868,114.040085,4.670286953795748,66.84706015128108,-1.1055753961707544
320,2019-08-29 15:40:41,22.618883,114.040123,3.5647115576249937,62.52573002495615,-0.2005054795420302
320,2019-08-29 15:40:42,22.618895,114.040148,3.3642060780829635,29.98180755089561,-0.969075011115855
320,2019-08-29 15:40:43,22.618927,114.040168,2.3951310669671084,83.81710972680565,-2.2876953701488763
320,2019-08-29 15:40:44,22.618928,114.040178,0.107435696818232,125.83745681223178,0.0001934122369713
320,2019-08-29 15:41:40,22.6189,114.04022,0.1182667820886298,66.57144937339683,2.632093612173474
320,2019-08-29 15:41:41,22.618908,114.04024,2.750360394262104,61.55723175894889,0.9547211990474788
320,2019-08-29 15:41:42,22.618922,114.040268,3.705081593309583,66.28957447511493,0.2831460523800664
320,2019-08-29 15:41:43,22.618937,114.040305,3.988227645689649,58.643078748737935,0.2334274556483868
320,2019-08-29 15:41:44,22.618955,114.040337,4.221655101338036,65.81113655716297,0.7482931796162262
320,2019-08-29 15:41:45,22.618972,114.040378,4.969948280954262,70.51930626774686,0.1480508726180991
320,2019-08-29 15:41:46,22.618988,114.040427,5.117999153572361,74.21933282476073,-0.1203814442545869
320,2019-08-29 15:41:47,22.619,114.040473,4.997617709317774,64.29017678615816,0.5248183031901625
320,2019-08-29 15:41:48,22.61902000000001,114.040518,5.522436012507937,64.39793778261372,0.5589398440794646
320,2019-08-29 15:41:49,22.619043,114.04057,6.081375856587401,64.69874118762635,0.3259081750551234
320,2019-08-29 15:41:50,22.619067,114.040625,6.407284031642525,64.96970235727417,0.163604974920382
320,2019-08-29 15:41:51,22.619092,114.040683,6.570889006562907,67.1049720496406,0.0939249303497904
320,2019-08-29 15:41:52,22.619115,114.040742,6.664813936912697,65.70621607331782,-0.0469962530513043
320,2019-08-29 15:41:53,22.61914,114.040802,6.617817683861393,66.75184782062985,-0.0314660958880299
320,2019-08-29 15:41:54,22.619163,114.04086,6.586351587973363,71.63446286842185,-0.1539979212469662
320,2019-08-29 15:41:55,22.619182,114.040922,6.432353666726397,68.848392203701,-0.1164233036755639
320,2019-08-29 15:41:56,22.619202,114.040978,6.315930363050833,64.58554183795769,0.0933450621339861
320,2019-08-29 15:41:57,22.619227,114.041035,6.409275425184819,62.882146409537086,-0.3856791283306897
320,2019-08-29 15:41:58,22.619253,114.04109,6.023596296854129,47.9250930801291,-0.3421738027023364
320,2019-08-29 15:41:59,22.619288,114.041132,5.681422494151793,57.54905844839704,0.0309968529245567
320,2019-08-29 15:42:00,22.619315,114.041178,5.71241934707635,61.55715553661912,-0.1207372133826201
320,2019-08-29 15:42:01,22.61934,114.041228,5.5916821336937295,69.40131395357452,-0.3900135242573164
320,2019-08-29 15:42:02,22.619357,114.041277,5.201668609436413,48.530748419514566,-0.2510172005680458
320,2019-08-29 15:42:03,22.619388,114.041315,4.950651408868367,53.79662958378577,-0.2350389172742586
320,2019-08-29 15:42:04,22.619413,114.041352,4.715612491594109,55.6197334041791,-0.0504868278215662
320,2019-08-29 15:42:05,22.619437,114.04139,4.665125663772543,51.17429142098854,0.0525319647710373
320,2019-08-29 15:42:06,22.619463,114.041425,4.71765762854358,48.08831964671441,0.2451615901289319
320,2019-08-29 15:42:07,22.619492,114.04146,4.962819218672512,57.18446732260617,0.0637409378822502
320,2019-08-29 15:42:08,22.619517,114.041502,5.026560156554762,58.71201773716524,-0.2186555167841533
320,2019-08-29 15:42:09,22.61954,114.041543,4.807904639770609,58.57048509058865,0.107929359832199
320,2019-08-29 15:42:10,22.619562,114.041582,4.915833999602808,52.82579543655936,-0.5577916214841014
320,2019-08-29 15:42:11,22.61959,114.041622,4.358042378118706,62.33680152701322,-0.9389643402575896
320,2019-08-29 15:42:12,22.619605,114.041653,3.4190780378611167,80.39257576732462,-0.4601702785984969
320,2019-08-29 15:42:13,22.61961,114.04168500000002,2.95890775926262,82.59309655267054,-0.3075526799946257
320,2019-08-29 15:42:14,22.619613,114.04171,2.651355079267994,68.69424649095095,0.1912932443386656
320,2019-08-29 15:42:15,22.619622,114.041735,2.84264832360666,60.60602636397289,-0.3257040250740877
320,2019-08-29 15:42:16,22.619635,114.04176,2.516944298532572,74.84595201298072,0.8525593686365638
320,2019-08-29 15:42:17,22.61964,114.04178,3.369503667169136,144.88135175427942,0.519727122351803
320,2019-08-29 15:42:18,22.619598,114.041812,3.889230789520939,112.4258180902849,-1.5992593951336849
320,2019-08-29 15:42:19,22.61959,114.041833,2.289971394387254,98.40335019609756,-0.2853723353975326
320,2019-08-29 15:42:20,22.619587,114.041855,2.0045990589897213,86.35373286300194,0.7703696538037828
320,2019-08-29 15:42:21,22.619588,114.041872,2.774968712793504,123.28746649556598,0.7666743980875186
320,2019-08-29 15:42:22,22.619568,114.041905,3.5416431108810227,102.2250910416654,-0.8165291241671078
320,2019-08-29 15:42:23,22.619562,114.041935,2.725113986713915,81.95711874122094,-0.473941087536089
320,2019-08-29 15:42:24,22.619565,114.041958,2.251172899177826,74.84595937235866,0.3120155192987202
320,2019-08-29 15:42:25,22.61957,114.041978,2.563188418476546,56.97618236196752,0.7396047550572469
320,2019-08-29 15:42:26,22.619585,114.042003,3.302793173533793,51.25408246196298,0.445741872809001
320,2019-08-29 15:42:27,22.619605,114.04203,3.748535046342794,34.09502109010043,-0.0541310347549051
320,2019-08-29 15:42:28,22.619635,114.042052,3.694404011587889,27.149715441528087,-0.4338157849547652
320,2019-08-29 15:42:29,22.619662,114.042067,3.260588226633124,46.70984975572895,0.0838078081851909
320,2019-08-29 15:42:30,22.619682,114.04209,3.3443960348183146,61.55709621476302,0.2440651880602495
320,2019-08-29 15:42:31,22.619697,114.04212,3.588461222878564,66.88879512996891,0.1411333174398246
320,2019-08-29 15:42:32,22.61971,114.042153,3.7295945403183888,60.07869671374948,-0.0948256012873729
320,2019-08-29 15:42:33,22.619727,114.042185,3.634768939031016,69.57489080751691,-0.1154556629789769
320,2019-08-29 15:42:34,22.619738,114.042217,3.519313276052039,63.92994621168975,0.1187645578195937
320,2019-08-29 15:42:35,22.619752,114.042248,3.6380778338716326,61.55708355148033,-0.1811567707862083
320,2019-08-29 15:42:36,22.619768,114.04228,3.4569210630854244,60.67585194938948,-0.1125267338495481
320,2019-08-29 15:42:37,22.619782,114.042307,3.344394329235876,48.81408480115425,0.5448338053356014
320,2019-08-29 15:42:38,22.619803,114.042333,3.8892281345714776,40.676310043808655,-0.7113799674437238
320,2019-08-29 15:42:39,22.619832,114.04236000000002,3.177848167127754,46.805289127866615,-1.3953396460371756
320,2019-08-29 15:42:40,22.619845,114.042375,1.7825085210905782,100.2347977351439,0.1873927961423804
320,2019-08-29 15:42:41,22.619842,114.042393,1.9699013172329587,96.18292527325002,0.0592159693173406
320,2019-08-29 15:42:42,22.61984,114.04241299999998,2.0291172865502998,65.48035699318967,0.1294065138047773
320,2019-08-29 15:42:43,22.619848,114.042432,2.1585238003550766,78.34070454299706,0.436858407828379
320,2019-08-29 15:42:44,22.619852,114.042453,2.595382208183456,83.60559718523928,0.1424754847684708
320,2019-08-29 15:42:45,22.619855,114.042482,2.7378576929519265,69.35300556351132,0.129148545019075
320,2019-08-29 15:42:46,22.619863,114.042505,2.867006237971001,58.958283850095256,0.4695430656864081
320,2019-08-29 15:42:47,22.619878,114.042532,3.3365493036574096,56.66554738228302,-0.5603107917465655
320,2019-08-29 15:42:48,22.619895,114.04256,2.776238511910844,106.8742978025349,-0.2730119776176654
320,2019-08-29 15:42:49,22.619888,114.042585,2.5032265342931788,92.69671717822268,-0.0321216187250392
320,2019-08-29 15:42:50,22.619887,114.042608,2.4711049155681395,135.82349537290418,0.432793307921044
320,2019-08-29 15:42:51,22.619868,114.042628,2.9038982234891835,128.2338199274301,0.2304505057856314
320,2019-08-29 15:42:52,22.619852,114.04265,3.134348729274815,130.91437368192902,-0.2674090982622283
320,2019-08-29 15:42:53,22.619832,114.042675,2.8669396310125865,131.73795497176758,-0.7166295369491116
320,2019-08-29 15:42:54,22.619818,114.042692,2.150310094063475,137.2905964685497,-0.3021643682588646
320,2019-08-29 15:42:55,22.619805,114.042705,1.8481457258046103,129.80555524612447,-0.3006314917070025
320,2019-08-29 15:42:56,22.619795,114.042718,1.5475142340976078,130.91436610629353,-0.3405897302486778
320,2019-08-29 15:42:57,22.619787,114.042728,1.20692450384893,137.29059176593262,0.2306737003575132
320,2019-08-29 15:42:58,22.61978,114.042735,1.4375982042064432,137.29058881980552,0.3859190944975934
320,2019-08-29 15:42:59,22.619768,114.042747,1.823517298704037,142.0078241767158,0.0427250664128482
320,2019-08-29 15:43:00,22.619755,114.042758,1.866242365116885,139.5666193564574,0.3888231658190793
320,2019-08-29 15:43:01,22.619742,114.04277,2.255065530935964,143.91746563276712,0.318178868076401
320,2019-08-29 15:43:02,22.619723,114.042785,2.573244399012365,151.02026319006768,-0.3726110380312493
320,2019-08-29 15:43:03,22.619703,114.042797,2.200633360981116,180.0,0.044481865659578
320,2019-08-29 15:43:04,22.619685,114.042797,2.245115226640694,165.8695000645314,0.0493166365635189
320,2019-08-29 15:43:05,22.619663,114.042803,2.294431863204213,165.6185833857536,0.2504804985651647
320,2019-08-29 15:43:06,22.619645,114.042808,2.5449123617693776,156.1029349675514,0.6106557842987974
320,2019-08-29 15:43:07,22.61962,114.04282,3.155568146068175,161.7541114863743,24.457107226229866
320,2019-08-29 15:43:08,22.619592,114.04283,27.61267537229804,348.8675953708074,-9.204225124099349
320,2019-08-29 15:43:11,22.620757,114.042533,0.0,326.9125609140747,0.0
