userid,checkin_time,lat,lon,speed,direction,acceleration
092,2019-06-26 03:16:20,22.777697,113.830101,0.0,111.78079926274944,1.1001897742478066
092,2019-06-26 03:16:22,22.777683,113.830139,2.200379548495613,103.2668225782444,0.346977815515868
092,2019-06-26 03:16:23,22.777678,113.83016200000002,2.5473573640114813,116.34162716385195,0.0378630337874132
092,2019-06-26 03:16:25,22.777657,113.830208,2.623083431586308,115.24656243305652,-0.0306777590180136
092,2019-06-26 03:16:26,22.777647,113.830231,2.5924056725682942,116.84570501997688,0.1164345327892766
092,2019-06-26 03:16:28,22.777626,113.830276,2.8252747381468475,107.47809132598286,-0.0354596291354494
092,2019-06-26 03:16:29,22.777617000000006,113.830307,2.789815109011398,110.668762765446,-0.288646512770135
092,2019-06-26 03:16:31,22.777601,113.830353,2.212522083471128,106.13101588627308,-0.5953842346565799
092,2019-06-26 03:16:32,22.777597,113.830368,1.6171378488145485,136.05235031710072,0.1153687598543027
092,2019-06-26 03:16:34,22.777575,113.830391,1.8478753685231537,180.0,0.2884053623203041
092,2019-06-26 03:16:36,22.777534,113.830391,2.424686093163762,197.0842034039878,0.9695344389614876
092,2019-06-26 03:16:37,22.77751,113.830383,3.394220532125249,198.60369024360756,0.0416499283337676
092,2019-06-26 03:16:39,22.777447,113.83036,3.477520388792785,186.24286160845176,0.2856910186863985
092,2019-06-26 03:16:41,22.777388,113.830353,4.048902426165582,194.16865750996,0.5065442273988925
092,2019-06-26 03:16:43,22.777304,113.83033,5.061990880963367,196.07329347726375,0.5126664147177236
092,2019-06-26 03:16:44,22.777256,113.83031499999998,5.5746572956810905,188.3919032666305,0.385957647563135
092,2019-06-26 03:16:45,22.777206,113.830307,5.9606149432442255,209.2681058032082,0.2774543956091699
092,2019-06-26 03:16:46,22.777155,113.830276,6.238069338853395,202.08179923552245,-0.4259573751628762
092,2019-06-26 03:16:47,22.777105,113.830254,5.812111963690519,196.10411120799503,-0.376224391434715
092,2019-06-26 03:16:49,22.777006,113.830223,5.059663180821089,190.05469148985864,-0.6506184331810552
092,2019-06-26 03:16:51,22.776928,113.830208,3.758426314458979,159.59263627444273,-0.2938144152622945
092,2019-06-26 03:16:53,22.776871,113.830231,3.1707974839343898,124.0312174521157,0.209983204471488
092,2019-06-26 03:16:55,22.776838,113.830284,3.5907638928773657,85.57014589504564,0.4537041923489999
092,2019-06-26 03:16:57,22.776844,113.830368,4.498172277575366,72.95913942769681,0.6692890040809765
092,2019-06-26 03:16:58,22.776857,113.830414,5.167461281656342,61.26635333620129,0.193314347520717
092,2019-06-26 03:17:00,22.776903,113.830505,5.554089976697776,54.27926937282513,0.1547023828790359
092,2019-06-26 03:17:02,22.776964000000003,113.830597,5.863494742455848,52.114725262465015,0.237014650337537
092,2019-06-26 03:17:03,22.776997,113.830643,6.100509392793385,55.38711082409071,0.20739007133229
092,2019-06-26 03:17:05,22.77706,113.830742,6.515289535457965,64.22809390228713,0.0235447465779631
092,2019-06-26 03:17:13,22.777267,113.831207,6.70364750808167,71.732485085701,0.6953255272684524
092,2019-06-26 03:17:14,22.777288,113.831276,7.398973035350123,74.20199131316286,-0.5495676853578733
092,2019-06-26 03:17:15,22.777306,113.831345,6.849405349992249,71.33398971033438,-0.1059139151238457
092,2019-06-26 03:17:17,22.777344,113.831467,6.637577519744558,69.5253557563235,0.0456850663123939
092,2019-06-26 03:17:19,22.777386,113.831589,6.728947652369346,66.03484232282585,0.5179740294063224
092,2019-06-26 03:17:20,22.777411,113.83165,7.246921681775668,70.39158416781271,0.2161543936293202
092,2019-06-26 03:17:22,22.777456,113.831787,7.679230469034309,73.31721039388378,0.5091716124641881
092,2019-06-26 03:17:23,22.777477,113.83186299999998,8.188402081498497,72.6769790704775,0.0993693920471168
092,2019-06-26 03:17:25,22.777521,113.832016,8.38714086559273,73.39224202853717,-0.0235623888537892
092,2019-06-26 03:17:27,22.777565,113.832176,8.340016087885152,74.92387535517048,-0.2727059964535412
092,2019-06-26 03:17:29,22.777603,113.832329,7.794604094978069,77.41255289791104,-0.2646041732730326
092,2019-06-26 03:17:30,22.777617000000006,113.832397,7.529999921705037,74.13295405003765,0.1932303623852398
092,2019-06-26 03:17:32,22.777655,113.832542,7.9164606464755165,72.04941994995471,0.2357701909436711
092,2019-06-26 03:17:33,22.777678,113.832619,8.152230837419188,76.36326747263615,-0.0461286896722015
092,2019-06-26 03:17:34,22.777695,113.832695,8.106102147746986,74.16923408883525,0.0411434165105895
092,2019-06-26 03:17:36,22.777735,113.832848,8.188388980768165,70.3650779009136,-0.460667364014296
092,2019-06-26 03:17:37,22.77776,113.832924,7.727721616753869,70.39153784087512,-0.1288230962264016
092,2019-06-26 03:17:39,22.777805,113.833061,7.470075424301066,70.92411782271802,0.126687284138879
092,2019-06-26 03:17:41,22.777849,113.833199,7.723449992578824,71.82863631493024,0.0676395273577181
092,2019-06-26 03:17:42,22.777872,113.833275,7.791089519936542,73.37154701207743,-0.9149015485985412
092,2019-06-26 03:17:43,22.777891,113.833344,6.876187971338001,83.28676310745914,-0.2948393085045815
092,2019-06-26 03:17:45,22.777905,113.833473,6.286509354328838,109.23656734834331,0.0679107090445247
092,2019-06-26 03:17:47,22.777868,113.833588,6.422330772417888,108.66602977512406,-0.0399155763168233
092,2019-06-26 03:17:49,22.77783,113.83371,6.342499619784241,89.99997638290063,0.0741447663496641
092,2019-06-26 03:17:51,22.77783,113.833832,6.490789152483569,75.39161291224269,0.1234811907505619
092,2019-06-26 03:17:53,22.777861,113.83396100000002,6.737751533984693,71.47528067187835,-0.2857071604930845
092,2019-06-26 03:17:55,22.777899,113.834084,6.166337212998524,72.93570566693057,-0.1103589271524518
092,2019-06-26 03:17:57,22.777929,113.83419,5.94561935869362,71.73239256515296,0.0122111838243066
092,2019-06-26 03:17:59,22.777964,113.834305,5.970041726342234,73.08603292843009,0.0621249065484077
092,2019-06-26 03:18:01,22.777994,113.834412,6.094291539439049,75.54329409119634,0.0938796986682817
092,2019-06-26 03:18:03,22.778023,113.834534,6.2820509367756125,73.06737343309663,-0.0492251559218406
092,2019-06-26 03:18:05,22.778055,113.834648,6.183600624931931,70.28307445606106,0.2043379975256356
092,2019-06-26 03:18:07,22.778093,113.834763,6.592276619983203,72.71996112798627,0.1746657039973826
092,2019-06-26 03:18:09,22.77813,113.834892,6.941608027977968,73.28249940884507,0.0685599189817418
092,2019-06-26 03:18:11,22.778166,113.835022,7.078727865941452,75.03914217112464,0.4938144690481225
092,2019-06-26 03:18:12,22.778183,113.835091,7.572542334989574,74.92903513839838,0.1349551069397097
092,2019-06-26 03:18:14,22.778219,113.835236,7.842452548868994,73.31712230066535,0.2604420033414643
092,2019-06-26 03:18:15,22.77824,113.83531200000002,8.102894552210458,74.82919217956692,0.2250464478119962
092,2019-06-26 03:18:16,22.778259,113.835388,8.327941000022454,75.9200150557644,0.1325177967806734
092,2019-06-26 03:18:18,22.778296,113.835548,8.592976593583801,76.21621038970841,0.2484673494352129
092,2019-06-26 03:18:19,22.778315,113.835632,8.841443943019014,77.61990380968257,-0.1378124266370086
092,2019-06-26 03:18:20,22.778332,113.835716,8.703631516382005,83.73682667443768,0.0572120458545883
092,2019-06-26 03:18:22,22.778349,113.835884,8.818055608091182,94.22924178021754,0.066546028165102
092,2019-06-26 03:18:24,22.778337,113.83606,8.951147664421386,107.41222284544006,-0.2360591468183308
092,2019-06-26 03:18:25,22.778313,113.836143,8.715088517603055,112.21905986491367,-0.0324364622177615
092,2019-06-26 03:18:26,22.778284,113.83622,8.682652055385294,118.470670648282,0.0879214770219753
092,2019-06-26 03:18:27,22.778246,113.836296,8.77057353240727,126.65544250222172,0.0058365869469243
092,2019-06-26 03:18:29,22.778152,113.836433,8.782246706301118,130.94711871076862,0.1172277573222757
092,2019-06-26 03:18:31,22.778048,113.83656299999998,9.01670222094567,124.4111676290246,0.2272230161900008
092,2019-06-26 03:18:32,22.778,113.836639,9.24392523713567,119.3977894185764,-0.2583140549739937
092,2019-06-26 03:18:33,22.77796,113.836716,8.985611182161676,107.21719374015773,-0.2228741790382225
092,2019-06-26 03:18:35,22.777912,113.836884,8.539862824085231,92.32901357190993,-0.0656566290603706
092,2019-06-26 03:18:37,22.777906,113.837044,8.40854956596449,89.9999674789488,-0.0898047115310181
092,2019-06-26 03:18:39,22.777906,113.837212,8.228940142902454,99.71761436037092,-0.2583029025855454
092,2019-06-26 03:18:41,22.777882,113.837364,7.712334337731363,111.45306631655978,-0.0524281515834927
092,2019-06-26 03:18:43,22.777832,113.837502,7.6074780345643775,126.09135411788463,0.0781720351513
092,2019-06-26 03:18:45,22.77775,113.837624,7.7638221048669775,140.05631574054155,0.172637405480255
092,2019-06-26 03:18:47,22.777641,113.837723,8.109096915827488,140.3667254723922,0.7460660263593422
092,2019-06-26 03:18:48,22.777582,113.837776,8.85516294218683,148.6061588616766,0.2172979062819564
092,2019-06-26 03:18:50,22.777443,113.837868,9.289758754750745,146.20128967790583,0.6455487896508245
092,2019-06-26 03:18:51,22.77737,113.837921,9.935307544401567,146.77050354569872,0.32674980902733
092,2019-06-26 03:18:52,22.777294,113.837975,10.262057353428895,148.5818934608024,0.1824351376378548
092,2019-06-26 03:18:53,22.777214,113.838028,10.444492491066752,146.02859048301343,-0.0329180228809171
092,2019-06-26 03:18:55,22.777058,113.838142,10.378656445304918,152.65063411943913,0.5896807352401616
092,2019-06-26 03:18:56,22.776976,113.838188,10.96833718054508,153.36447482856192,0.5784592343407029
092,2019-06-26 03:18:58,22.776794,113.838287,12.125255649226483,152.87692166999057,0.5231192677773224
092,2019-06-26 03:19:00,22.776587,113.838402,13.17149418478113,150.47340880887515,0.2508098967519299
092,2019-06-26 03:19:02,22.776377,113.838531,13.67311397828499,151.41700732323056,0.2258024981854767
092,2019-06-26 03:19:04,22.776157,113.83866100000002,14.124718974655943,150.83551630930606,0.4897446995442287
092,2019-06-26 03:19:05,22.776043,113.83873,14.614463674200172,152.97580707048098,0.1869822905467
092,2019-06-26 03:19:07,22.775808,113.83886,14.988428255293572,150.1278933911367,0.4802691199341335
092,2019-06-26 03:19:08,22.775686,113.838936,15.468697375227704,152.4590803453242,-0.0939923971868168
092,2019-06-26 03:19:09,22.775564000000006,113.839005,15.374704978040889,153.17751757020642,0.2720487744826609
092,2019-06-26 03:19:10,22.77544,113.839073,15.64675375252355,153.30098534547892,-0.0559328719901373
092,2019-06-26 03:19:12,22.775187,113.839211,15.534888008543277,152.72501696029394,-0.1748740322520632
092,2019-06-26 03:19:14,22.774942000000006,113.839348,15.185139944039149,151.6684445113264,-0.1049689482884801
092,2019-06-26 03:19:15,22.774824,113.839417,15.080170995750668,149.29593198364017,-0.0424269036782725
092,2019-06-26 03:19:16,22.774706,113.839493,15.037744092072396,148.53310055041482,0.0403592038741553
092,2019-06-26 03:19:18,22.774477,113.839645,15.118462499820708,146.26968847786372,0.5299933726377439
092,2019-06-26 03:19:19,22.774361,113.839729,15.64845587245845,146.94191092750003,0.1816991280723421
092,2019-06-26 03:19:20,22.774242,113.839813,15.830155000530793,143.73538870049083,0.064627749064452
092,2019-06-26 03:19:22,22.774012,113.839996,15.959410498659697,142.43833242911728,0.208496690822054
092,2019-06-26 03:19:24,22.773783,113.840187,16.376403880303805,139.86125854185366,0.5988521928467705
092,2019-06-26 03:19:25,22.773666,113.840294,16.975256073150575,139.61868733946233,0.1415742497643997
092,2019-06-26 03:19:26,22.77355,113.840401,17.116830322914975,138.82845783866674,0.1066001260263309
092,2019-06-26 03:19:28,22.773317,113.840622,17.330030574967637,138.30570562970183,0.2759875664383386
092,2019-06-26 03:19:29,22.773199,113.840736,17.606018141405976,138.05702132687315,-0.0299661150283832
092,2019-06-26 03:19:30,22.773081,113.840851,17.576052026377592,139.78451568589992,0.1295205134950983
092,2019-06-26 03:19:32,22.77284,113.841072,17.83509305336779,137.91801276963713,0.0814237679553286
092,2019-06-26 03:19:34,22.772598,113.841309,17.997940589278446,138.78335764744787,0.1788872973380257
092,2019-06-26 03:19:35,22.772478,113.841423,18.176827886616472,137.78635773462952,0.1141896384280762
092,2019-06-26 03:19:36,22.772354,113.841545,18.29101752504455,137.91791128923023,-0.0274521261711431
092,2019-06-26 03:19:38,22.772112,113.841782,18.236113272702266,137.32230746402644,-0.1420925892393114
092,2019-06-26 03:19:39,22.77199,113.841904,18.09402068346295,138.78323114177238,-0.3606790122400589
092,2019-06-26 03:19:40,22.77187,113.842018,17.73334167122289,138.54018134898206,-0.0277745943420733
092,2019-06-26 03:19:42,22.771631,113.842247,17.677792482538745,138.30535410072162,-0.39217370420711
092,2019-06-26 03:19:43,22.771513,113.842361,17.285618778331635,140.22006530013175,-0.1351830566843652
092,2019-06-26 03:19:45,22.771276,113.842575,17.015252664962905,142.73981921690506,-0.170273542289955
092,2019-06-26 03:19:46,22.771156,113.842674,16.84497912267295,142.82975615711746,0.0295557705885762
092,2019-06-26 03:19:48,22.770914,113.842873,16.904090663850102,143.1950742015503,0.1971897180533162
092,2019-06-26 03:19:49,22.770792,113.842972,17.10128038190342,145.26402682731464,0.0179938450504746
092,2019-06-26 03:19:51,22.770538,113.843163,17.137268072004368,146.7124081009605,-0.1619291328854171
092,2019-06-26 03:19:53,22.770281,113.843346,16.813409806233533,148.010082379356,-0.6743162768266444
092,2019-06-26 03:19:54,22.770157,113.84343,16.13909352940689,150.91864518645718,0.0915180202458927
092,2019-06-26 03:19:55,22.770031,113.843506,16.23061154965278,149.85069223065102,0.0482952904975189
092,2019-06-26 03:19:57,22.769777,113.84366599999998,16.32720213064782,151.48768131417228,-0.1248035375717613
092,2019-06-26 03:19:58,22.769648,113.843742,16.202398593076058,150.59931516120776,-0.0466043588510771
092,2019-06-26 03:19:59,22.769522,113.843819,16.15579423422498,154.59200914662028,0.1658873841707482
092,2019-06-26 03:20:00,22.76939,113.843887,16.32168161839573,154.4350541208155,-0.3429045195264546
092,2019-06-26 03:20:01,22.769257,113.843956,15.978777098869276,153.5570719537077,-0.2876664118966605
092,2019-06-26 03:20:03,22.769003,113.844093,15.403444275075952,155.42590409298305,-0.1801703762689204
092,2019-06-26 03:20:05,22.768757,113.844215,15.043103522538113,158.43730198973128,0.1065879373428462
092,2019-06-26 03:20:06,22.768631,113.844269,15.14969145988096,159.10328689538244,0.5483108120337388
092,2019-06-26 03:20:07,22.768503,113.844322,15.698002271914698,159.8582499648694,0.1515182316995043
092,2019-06-26 03:20:09,22.768234,113.844429,16.001038735313706,163.0305157641047,0.0809706496711442
092,2019-06-26 03:20:10,22.768095,113.844475,16.08200938498485,164.43140134516852,0.0726943583971877
092,2019-06-26 03:20:12,22.767817,113.844559,16.227398101779226,163.4849055482223,0.0854151190073295
092,2019-06-26 03:20:14,22.767534,113.84465,16.398228339793885,163.2575785231444,0.2692037943319221
092,2019-06-26 03:20:15,22.767393,113.844696,16.667432134125807,167.8690976350639,0.0668218825914817
092,2019-06-26 03:20:17,22.767097,113.844765,16.80107589930877,169.41303583168747,0.2749749629916422
092,2019-06-26 03:20:18,22.766949,113.844795,17.076050862300413,169.55104302115694,0.1434776491843656
092,2019-06-26 03:20:20,22.766644,113.844856,17.363006160669144,172.30687061997526,0.2898880639690055
092,2019-06-26 03:20:21,22.766487,113.844879,17.65289422463815,172.33098458785662,-0.0114757044328683
092,2019-06-26 03:20:23,22.766172,113.844925,17.629942815772413,176.16038443139917,0.0523095201426109
092,2019-06-26 03:20:25,22.765856,113.844948,17.734561856057635,177.53273112241413,0.0505304008938516
092,2019-06-26 03:20:27,22.765535,113.844963,17.835622657845338,180.0,-0.0444343947481691
092,2019-06-26 03:20:28,22.765375,113.844963,17.79118826309717,180.0,-0.0185324877294839
092,2019-06-26 03:20:30,22.765055,113.844963,17.7541232876382,180.0,-0.1249560418873798
092,2019-06-26 03:20:31,22.764896,113.844963,17.62916724575082,182.673123240093,0.090102234519044
092,2019-06-26 03:20:32,22.764738,113.844955,17.719269480269865,184.9407716067733,-0.0095696024567537
092,2019-06-26 03:20:33,22.764578,113.84494,17.70969987781311,182.49838568559565,-0.101926365302102
092,2019-06-26 03:20:35,22.764261,113.844925,17.505847147208907,187.84128374961665,-0.4025439467504803
092,2019-06-26 03:20:36,22.764107,113.844902,17.103303200458427,186.5750949008685,0.0351266691557192
092,2019-06-26 03:20:38,22.763803,113.844864,17.173556538769866,190.3826048239464,0.1358445169820701
092,2019-06-26 03:20:40,22.763496,113.844803,17.445245572734006,191.6350713016812,0.0659249760283113
092,2019-06-26 03:20:42,22.763187,113.844734,17.57709552479063,192.77841507227228,0.010372429323473
092,2019-06-26 03:20:44,22.762878,113.844658,17.597840383437575,192.81854852552897,-0.0033504265042409
092,2019-06-26 03:20:45,22.762724,113.84462,17.594489956933334,190.38374100821216,0.0424720198725623
092,2019-06-26 03:20:46,22.762568,113.84458899999998,17.636961976805896,191.39919311782697,0.0453794384275312
092,2019-06-26 03:20:48,22.762257,113.844521,17.72772085366096,192.9016827775237,0.1668824867087543
092,2019-06-26 03:20:49,22.7621,113.844482,17.894603340369713,192.5815624416552,0.0369640651875435
092,2019-06-26 03:20:51,22.761786,113.844406,17.9685314707448,192.466261303322,0.0428671883874383
092,2019-06-26 03:20:53,22.761469,113.84433,18.05426584751968,190.1296811072437,0.030670648305378
092,2019-06-26 03:20:54,22.761309,113.844299,18.08493649582505,192.4283069985376,-0.1827774154611816
092,2019-06-26 03:20:55,22.76115,113.84426100000002,17.902159080363873,191.2932099219148,-0.0328062447301089
092,2019-06-26 03:20:57,22.760836,113.844193,17.836546590903655,192.90181253754128,-0.1088161686958599
092,2019-06-26 03:20:58,22.760679,113.844154,17.727730422207795,191.39934667150865,-0.0073719404099676
092,2019-06-26 03:21:00,22.760368,113.844086,17.71298654138786,192.8208820288798,0.0255079103663788
092,2019-06-26 03:21:02,22.760056,113.844009,17.764002362120618,189.99316494043407,-0.1634027108256752
092,2019-06-26 03:21:03,22.759899,113.843979,17.600599651294942,191.63536942244735,-0.1689845587129212
092,2019-06-26 03:21:05,22.75959,113.84391,17.2626305338691,191.8442522693929,8.082976048484625e-07
092,2019-06-26 03:21:07,22.759291,113.843842,17.26263215046431,191.63541980646565,0.1237803647914113
092,2019-06-26 03:21:09,22.758982,113.843773,17.510192880047132,192.89989156537771,0.1314047419188639
092,2019-06-26 03:21:10,22.758829,113.843735,17.641597621965996,192.86087801971,0.0249389242003523
092,2019-06-26 03:21:12,22.758518,113.843658,17.6914754703667,190.0560311812036,-0.1999760916092476
092,2019-06-26 03:21:13,22.758362,113.843628,17.491499378757453,191.70921139845848,-0.0181812980350848
092,2019-06-26 03:21:15,22.758055,113.843559,17.455136782687283,190.1196056565951,0.0068197290445688
092,2019-06-26 03:21:16,22.7579,113.843529,17.461956511731852,190.5159684735402,0.0463225183146143
092,2019-06-26 03:21:17,22.757746,113.843498,17.508279030046467,187.7179179387008,0.0522451724040209
092,2019-06-26 03:21:19,22.757433,113.843452,17.61276937485451,187.50471034614336,0.1009370603477268
092,2019-06-26 03:21:21,22.757118,113.843407,17.814643495549962,185.0733557331239,0.0598629639356307
092,2019-06-26 03:21:23,22.756796,113.843376,17.934369423421224,184.94105752325748,-0.2067321959464223
092,2019-06-26 03:21:24,22.756636,113.84336100000002,17.7276372274748,183.82780579746628,-0.1214385584933452
092,2019-06-26 03:21:26,22.756319,113.843338,17.48476011048811,182.5466768961623,-0.1528398594579254
092,2019-06-26 03:21:28,22.756008,113.843323,17.17908039157226,182.77865947161072,-0.1057317514502855
092,2019-06-26 03:21:29,22.755856,113.843315,17.073348640121974,180.0,-0.3177483730558563
092,2019-06-26 03:21:30,22.755701,113.843315,16.755600267066118,181.42290292301288,-0.1348383875613183
092,2019-06-26 03:21:32,22.755404,113.843307,16.48592349194348,180.0,0.0039953135123891
092,2019-06-26 03:21:34,22.755108,113.843307,16.49391411896826,180.0,-0.2223898533432304
092,2019-06-26 03:21:35,22.754959,113.843307,16.27152426562503,180.0,-0.1853248776484992
092,2019-06-26 03:21:37,22.754669,113.843307,15.90087451032803,180.0,-0.2965198044969455
092,2019-06-26 03:21:38,22.75453,113.843307,15.604354705831083,180.0,-0.0597106905830111
092,2019-06-26 03:21:40,22.754248,113.843307,15.484933324665064,181.344686911604,-0.1806793305227847
092,2019-06-26 03:21:42,22.753973,113.8433,15.123574663619491,180.0,-0.1117272466974874
092,2019-06-26 03:21:44,22.753704,113.8433,14.900120170224518,180.0,0.2965198043790575
092,2019-06-26 03:21:45,22.753571,113.8433,15.196639974603576,180.0,0.1494663357176975
092,2019-06-26 03:21:47,22.753294,113.8433,15.49557264603897,182.99511303868985,0.1882763064027308
092,2019-06-26 03:21:48,22.753153,113.843292,15.683848952441702,180.0,0.2252893345989797
092,2019-06-26 03:21:49,22.753012,113.843292,15.90913828704068,182.74982271447809,0.199531210463026
092,2019-06-26 03:21:51,22.752724,113.843277,16.308200707966733,182.65768716779223,0.0934942175150581
092,2019-06-26 03:21:53,22.752426,113.843262,16.49518914299685,181.43258002203612,0.0224169407103769
092,2019-06-26 03:21:55,22.752131,113.843254,16.540023024417604,182.7971113036948,0.2077027248870671
092,2019-06-26 03:21:56,22.75198,113.843246,16.74772574930467,183.86886459886844,-0.1171595864838774
092,2019-06-26 03:21:58,22.75168,113.843224,16.513406576336916,182.88289910740107,-0.2073320603072677
092,2019-06-26 03:22:00,22.751387,113.843208,16.09874245572238,184.25625645793968,-0.0422641029038342
092,2019-06-26 03:22:02,22.751102,113.843185,16.014214249914712,185.46824079246412,0.0692485178048247
092,2019-06-26 03:22:04,22.750813,113.843155,16.15271128552436,184.18315316169333,0.0692527490915928
092,2019-06-26 03:22:06,22.750523,113.843132,16.291216783707547,185.3758158293892,0.0649436822334834
092,2019-06-26 03:22:08,22.750229,113.843102,16.421104148174514,185.7318970857043,0.2126032631291146
092,2019-06-26 03:22:09,22.750082,113.843086,16.63370741130363,186.68473942596444,-0.0387224536906281
092,2019-06-26 03:22:11,22.749783,113.843048,16.556262503922373,185.44954504439625,-0.2053081920205386
092,2019-06-26 03:22:12,22.749638,113.843033,16.350954311901834,188.2105682378981,2.466994146743673e-07
092,2019-06-26 03:22:13,22.749491,113.84301,16.35095455860125,185.44955662932207,-0.2207833802903991
092,2019-06-26 03:22:14,22.749346,113.842995,16.13017117831085,188.43699038108,-0.2769052055696441
092,2019-06-26 03:22:15,22.749203,113.842972,15.853265972741204,187.1087367219803,-0.0367413452118272
092,2019-06-26 03:22:17,22.748922,113.842934,15.77978328231755,188.554931381002,-0.1447728232804568
092,2019-06-26 03:22:18,22.748781,113.84291100000002,15.635010459037094,188.80086283369536,-0.183178317153331
092,2019-06-26 03:22:19,22.748644,113.842888,15.451832141883765,188.76937550946835,-0.0732527630173818
092,2019-06-26 03:22:21,22.748369,113.842842,15.305326615849,189.06124815465992,-0.1647777466163678
092,2019-06-26 03:22:22,22.748236,113.842819,15.140548869232632,188.86458570227416,-0.0235989167367023
092,2019-06-26 03:22:23,22.7481,113.842796,15.11694995249593,188.8347681293819,0.009813808581919
092,2019-06-26 03:22:25,22.747833,113.842751,15.136577569659767,188.89680859412096,0.1419620630737705
092,2019-06-26 03:22:27,22.747562,113.842705,15.420501695807308,190.228069787236,0.042783039353095
092,2019-06-26 03:22:29,22.747286,113.842651,15.506067774513498,190.15064670121689,-0.0159406156554933
092,2019-06-26 03:22:31,22.747013,113.842598,15.474186543202512,190.07836240965875,0.0869292181460439
092,2019-06-26 03:22:33,22.746738,113.842545,15.6480449794946,191.43981913677956,0.1721993864947455
092,2019-06-26 03:22:35,22.74646,113.842484,15.99244375248409,191.305706796425,0.2083349228908924
092,2019-06-26 03:22:37,22.746174,113.842422,16.409113598265876,193.40896863419863,0.1783699205469311
092,2019-06-26 03:22:38,22.746027,113.842384,16.587483518812807,193.76996462027577,-0.1440723269624619
092,2019-06-26 03:22:39,22.745884,113.842346,16.443411191850345,193.67797172969503,0.0428559472092082
092,2019-06-26 03:22:41,22.745596,113.84227,16.52912308626876,195.0553329211244,-0.1826751018975976
092,2019-06-26 03:22:43,22.745308,113.842186,16.163772882473566,191.956992602595,-0.5225331080959332
092,2019-06-26 03:22:44,22.745173,113.842155,15.641239774377633,192.75655436353023,0.2391444163069325
092,2019-06-26 03:22:46,22.744896,113.842087,16.119528606991498,196.30797484868197,0.9293591063792164
092,2019-06-26 03:22:47,22.744751,113.842041,17.048887713370714,193.10816711985933,0.05621579325223
092,2019-06-26 03:22:49,22.74445,113.841965,17.161319299875174,193.3172770324528,-0.0382434170800731
092,2019-06-26 03:22:51,22.74415,113.84188799999998,17.084832465715028,195.76537193007903,-0.086256240159571
092,2019-06-26 03:22:52,22.744003,113.841843,16.998576225555457,196.097763533638,0.0675716464617259
092,2019-06-26 03:22:53,22.743856,113.841797,17.066147872017183,195.99459208640369,0.1153642396548626
092,2019-06-26 03:22:54,22.743708,113.841751,17.181512111672046,195.72856331841223,-0.0077471636830583
092,2019-06-26 03:22:56,22.74341,113.84166,17.16601778430593,195.99465872157631,0.01847805306544
092,2019-06-26 03:22:58,22.743114,113.841568,17.20297389043681,198.4956474835725,0.0535074950086738
092,2019-06-26 03:23:00,22.742819,113.841461,17.309988880454156,197.034309004124,-0.0259619251474401
092,2019-06-26 03:23:02,22.742521,113.84136200000002,17.258065030159276,195.99474032766904,-0.3616398401120477
092,2019-06-26 03:23:03,22.742373,113.841316,16.89642519004723,196.14028975975089,-0.1989047477996486
092,2019-06-26 03:23:05,22.742083,113.841225,16.49861569444793,196.9152093740885,-0.2520272577424514
092,2019-06-26 03:23:07,22.741804,113.841133,15.994561178963028,195.8424441616107,-0.0417031109068899
092,2019-06-26 03:23:09,22.741531,113.841049,15.911154957149249,195.5714795169776,-0.053993690615286
092,2019-06-26 03:23:11,22.741253,113.840965,15.803167575918676,194.50129563772992,-0.0580747821986378
092,2019-06-26 03:23:13,22.740982,113.840889,15.6870180115214,197.20591700116955,-0.0714476988253842
092,2019-06-26 03:23:14,22.740845,113.840843,15.615570312696017,194.6045596092835,-0.0174577371195248
092,2019-06-26 03:23:16,22.740576,113.840767,15.580654838456969,194.2494363271108,0.3052356478906208
092,2019-06-26 03:23:17,22.740438,113.840729,15.885890486347588,194.1510685188632,0.0622976514436377
092,2019-06-26 03:23:18,22.740299,113.840691,15.948188137791226,194.3296739090605,-0.0145229867534792
092,2019-06-26 03:23:20,22.740021,113.840614,15.919142164284269,194.2001482385955,-0.0570407996622659
092,2019-06-26 03:23:22,22.739744,113.840538,15.805060564959737,194.34926440649144,-0.0216442216215213
092,2019-06-26 03:23:24,22.73947,113.84046200000002,15.761772121716692,192.9384035043378,0.0425790165526924
092,2019-06-26 03:23:26,22.739193,113.840393,15.846930154822076,194.15119222824032,0.2525620897935479
092,2019-06-26 03:23:27,22.739054,113.840355,16.099492244615625,192.62989007612225,-0.0118434606723791
092,2019-06-26 03:23:29,22.73877,113.840286,16.075805323270867,191.17935664333925,-0.289749948504129
092,2019-06-26 03:23:30,22.73863,113.840256,15.786055374766738,192.98377303527243,-0.0328187223407985
092,2019-06-26 03:23:32,22.738354,113.840187,15.72041793008514,193.02940386781333,-0.0033793685672165
092,2019-06-26 03:23:34,22.738079,113.840118,15.713659192950708,191.2577920197901,-0.1076879169434779
092,2019-06-26 03:23:35,22.73794,113.840088,15.60597127600723,191.87219898823332,-0.0473941373190598
092,2019-06-26 03:23:36,22.737804,113.840057,15.55857713868817,194.4505674545187,0.0648923212843985
092,2019-06-26 03:23:38,22.737532,113.839981,15.688361781256967,194.24974068454463,-0.1256265479131979
092,2019-06-26 03:23:39,22.737394,113.839943,15.56273523334377,194.76245873836515,-0.2244005593696396
092,2019-06-26 03:23:40,22.737261,113.839905,15.33833467397413,194.89459504687204,0.0078650235200745
092,2019-06-26 03:23:42,22.736994,113.839828,15.35406472101428,194.7096258954508,-0.0826033987351806
092,2019-06-26 03:23:44,22.736727,113.839752,15.188857923543916,193.4124598027132,-0.1988514808830235
092,2019-06-26 03:23:46,22.736464,113.839684,14.79115496177787,195.7384774366097,-0.1910976784204221
092,2019-06-26 03:23:48,22.736212,113.839607,14.408959604937026,196.02788549050547,-0.3944847382979546
092,2019-06-26 03:23:49,22.73609,113.839569,14.014474866639071,194.67542293324632,0.0262466897383371
092,2019-06-26 03:23:51,22.735847,113.8395,14.066968246115746,194.24700761245597,0.0588607702383301
092,2019-06-26 03:23:53,22.7356,113.839432,14.184689786592406,195.9042611855065,-0.2188908614914542
092,2019-06-26 03:23:54,22.735477,113.839394,13.965798925100952,193.4014734497708,-0.2687364932010805
092,2019-06-26 03:23:55,22.735357,113.839363,13.697062431899871,196.5420544295301,-0.2541744031518771
092,2019-06-26 03:23:56,22.735239,113.839325,13.442888028747994,195.40250136225035,-0.0070768555122047
092,2019-06-26 03:23:58,22.735008,113.839256,13.428734317723585,198.54058706117277,-0.0244220562377845
092,2019-06-26 03:24:00,22.734777,113.839172,13.379890205248016,197.3761923151742,-0.5426138529959381
092,2019-06-26 03:24:01,22.734665,113.839134,12.837276352252076,197.8245645079587,-0.1411011873230787
092,2019-06-26 03:24:03,22.734447,113.839058,12.55507397760592,198.62364467337247,-0.8862349884266525
092,2019-06-26 03:24:04,22.734343,113.83902,11.668838989179267,196.58502586562855,-1.524863371337032
092,2019-06-26 03:24:05,22.734247,113.83898899999998,10.143975617842235,201.1635039747506,-0.6215178533612526
092,2019-06-26 03:24:07,22.734085,113.838921,8.90093991111973,198.6091981778269,-1.9764115307157384
092,2019-06-26 03:24:08,22.734022,113.838898,6.924528380403991,207.7355134288764,-0.015273394755888
092,2019-06-26 03:24:10,22.733915,113.838837,6.893981590892215,206.2671200351556,-0.0015811200070792
092,2019-06-26 03:24:12,22.733801,113.838776,6.890819350878057,201.0913053694429,0.0064086474617051
092,2019-06-26 03:24:13,22.733746,113.838753,6.897227998339762,203.05859254823045,0.0815595890865297
092,2019-06-26 03:24:15,22.733629,113.838699,7.060347176512821,199.0788196916328,0.0899973930671995
092,2019-06-26 03:24:17,22.733509,113.838654,7.24034196264722,198.07444578461516,0.4682815158911735
092,2019-06-26 03:24:18,22.733444,113.838631,7.708623478538394,197.5685662989412,0.3795513023830814
092,2019-06-26 03:24:19,22.733377,113.838608,8.088174780921475,202.32626042741663,0.1019333223124672
092,2019-06-26 03:24:21,22.73324,113.838547,8.29204142554641,202.21773609231627,0.308692387389053
092,2019-06-26 03:24:22,22.73317,113.838516,8.600733812935463,206.2724858019249,0.3872414218084898
092,2019-06-26 03:24:23,22.733099,113.838478,8.987975234743953,199.5314664441371,0.1797628984065973
092,2019-06-26 03:24:24,22.733021,113.838448,9.16773813315055,200.3710722005545,-0.115908883983435
092,2019-06-26 03:24:25,22.732944,113.838417,9.051829249167117,200.311550703637,-0.0086459150389082
092,2019-06-26 03:24:27,22.732792,113.838356,9.0345374190893,205.3432911524988,0.0199098844930887
092,2019-06-26 03:24:28,22.732718,113.838318,9.054447303582387,205.6461653494712,-0.3014141382533513
092,2019-06-26 03:24:29,22.732645,113.83828,8.753033165329036,201.93476830401676,-0.7722256828253968
092,2019-06-26 03:24:30,22.732574,113.838249,7.980807482503639,206.8297436934291,-0.4305042650304256
092,2019-06-26 03:24:32,22.73245,113.838181,7.119798952442788,212.4308901882444,-1.8625726306193064
092,2019-06-26 03:24:33,22.732405,113.83815,5.257226321823482,221.7510713248645,-0.9978082951997164
092,2019-06-26 03:24:34,22.732374,113.83812,4.259418026623766,233.70371883749524,-0.1310109280261251
092,2019-06-26 03:24:35,22.732353,113.838089,4.12840709859764,260.47473113852,-0.2045210962686865
092,2019-06-26 03:24:37,22.73234,113.838005,3.7193649060602674,286.8127453966132,-0.5237908349341818
092,2019-06-26 03:24:39,22.732357,113.837944,2.671783236191904,290.3507414235616,-0.5839045283005355
092,2019-06-26 03:24:41,22.73237,113.837906,1.5039741795908328,300.2108713166781,-0.0241436381844644
092,2019-06-26 03:24:46,22.732399,113.837852,1.3832559886685107,305.8599770477569,1.829764190745608
092,2019-06-26 03:24:47,22.732409,113.837837,3.213020179414119,306.08233306279226,0.5716247123742757
092,2019-06-26 03:24:49,22.73245,113.837776,4.35626960416267,313.2760229808772,-0.1715296725016175
092,2019-06-26 03:24:50,22.732483,113.837738,4.184739931661053,308.7080816221272,-0.2378250440451847
092,2019-06-26 03:24:51,22.7325,113.837715,3.946914887615868,286.53463035107256,0.3690049983622459
092,2019-06-26 03:24:53,22.732523,113.837631,4.68492488434036,291.83556016989473,0.5483632497789435
092,2019-06-26 03:24:54,22.73254,113.837585,5.233288134119303,298.725811710596,0.283987986337245
092,2019-06-26 03:24:56,22.732586,113.837494,5.801264106793793,299.1314524810246,0.5481727069026556
092,2019-06-26 03:24:58,22.732641,113.837387,6.897609520599104,299.496094632672,1.7769070507646685
092,2019-06-26 03:24:59,22.732677,113.837318,8.674516571363773,299.4018018951477,0.2057839879248693
092,2019-06-26 03:25:01,22.732756,113.837166,9.086084547213511,297.2488280002093,0.1213849990401199
092,2019-06-26 03:25:03,22.732832,113.837006,9.328854545293751,298.90815758711733,0.1124025217916724
092,2019-06-26 03:25:05,22.732914,113.836845,9.553659588877096,298.4627345185431,-0.1352689640861708
092,2019-06-26 03:25:06,22.732956,113.836761,9.418390624790923,297.24886210941247,-0.8953825808342493
092,2019-06-26 03:25:08,22.733032,113.836601,7.627625463122427,302.86878772950007,-0.7658088724651058
092,2019-06-26 03:25:10,22.733091,113.836502,6.096007718192215,298.9137563949446,-0.4090978344993869
092,2019-06-26 03:25:11,22.733118,113.836449,5.686909883692828,278.6425234612941,-0.4630929898099136
092,2019-06-26 03:25:13,22.733133,113.836342,4.760723904073001,237.88306386620025,-0.2938286192568187
092,2019-06-26 03:25:15,22.733089,113.836266,4.173066665559364,206.1926417243742,0.223251445073453
092,2019-06-26 03:25:16,22.733059,113.83625,4.396318110632817,220.87808729626735,0.3251450428223887
092,2019-06-26 03:25:18,22.732994,113.836189,5.046608196277594,224.2323260057086,0.9434092259105906
092,2019-06-26 03:25:19,22.732958,113.836151,5.990017422188185,224.0812361525916,0.1487633412103055
092,2019-06-26 03:25:21,22.732878,113.836067,6.287544104608796,226.6862587539684,-0.0241144269529636
092,2019-06-26 03:25:22,22.732838,113.836021,6.263429677655832,223.73841893029044,-0.0830582565596707
092,2019-06-26 03:25:24,22.732758,113.83593799999998,6.097313164536491,221.9637708142904,0.0605304777978759
092,2019-06-26 03:25:25,22.732718,113.835899,6.157843642334367,228.2162988906736,-0.1386440285838066
092,2019-06-26 03:25:27,22.732643,113.835808,5.8805555851667535,225.0393547235711,-0.2188980702875005
092,2019-06-26 03:25:29,22.732573,113.835732,5.442759444591752,221.08130574130016,-0.21948775183004
092,2019-06-26 03:25:31,22.7325,113.83566299999998,5.003783940931672,213.5410746112381,-1.616979283511888
092,2019-06-26 03:25:32,22.732468,113.83563999999998,3.3868046574197845,221.224961171568,-1.460916746609819
092,2019-06-26 03:25:34,22.732428,113.835602,0.4649711642001464,244.76075523579055,-0.0238031031763891
092,2019-06-26 03:25:50,22.732418,113.835579,0.0841215133779198,0.0,-0.0056081008918613
092,2019-06-26 03:26:05,22.732418,113.835579,0.0,0.0,0.0
092,2019-06-26 03:26:20,22.732418,113.835579,0.0,0.0,0.0
092,2019-06-26 03:26:35,22.732418,113.835579,0.0,0.0,0.0
092,2019-06-26 03:26:50,22.732418,113.835579,0.0,0.0,0.0
092,2019-06-26 03:27:05,22.732418,113.835579,0.0,0.0,0.0
092,2019-06-26 03:27:20,22.732418,113.835579,0.0,0.0,0.0
092,2019-06-26 03:27:35,22.732418,113.835579,0.0,0.0,0.0
092,2019-06-26 03:27:50,22.732418,113.835579,0.0,0.0,0.0
092,2019-06-26 03:28:05,22.732418,113.835579,0.0,0.0,0.0
092,2019-06-26 03:28:20,22.732418,113.835579,0.0,0.0,0.0
092,2019-06-26 03:28:35,22.732418,113.835579,0.0,0.0,0.0
092,2019-06-26 03:28:50,22.732418,113.835579,0.0,0.0,0.0
092,2019-06-26 03:29:05,22.732418,113.835579,0.0,0.0,0.0
092,2019-06-26 03:29:20,22.732418,113.835579,0.0,0.0,0.0
092,2019-06-26 03:29:35,22.732418,113.835579,0.0,0.0,0.0
092,2019-06-26 03:29:50,22.732418,113.835579,0.0,0.0,0.0
092,2019-06-26 03:30:05,22.732418,113.835579,0.0,0.0,0.0
092,2019-06-26 03:30:20,22.732418,113.835579,0.0,0.0,0.0
