userid,checkin_time,lat,lon,speed,direction,acceleration
473,2019-07-27 09:26:49,22.63341,114.12235,0.0,347.0066238543848,6.119423744585125
473,2019-07-27 09:26:50,22.63345,114.12234,6.119423744585125,349.9929941462542,1.9107672331330277
473,2019-07-27 09:26:51,22.633518,114.122327,8.030190977718153,353.6797845249642,1.0094295760828835
473,2019-07-27 09:26:52,22.633593,114.122318,9.039620553801036,356.35780376807094,0.7062959988018758
473,2019-07-27 09:26:53,22.63368,114.122312,9.745916552602912,356.9980304984409,0.1082048651689007
473,2019-07-27 09:26:54,22.633768,114.122307,9.854121417771813,357.03170174980124,-0.1691448471607355
473,2019-07-27 09:26:55,22.633857,114.122302,9.684976570611076,357.51295161940084,-0.1507051106010788
473,2019-07-27 09:26:56,22.633942,114.122298,9.534271460009998,353.87426587281624,-0.0037293349088258
473,2019-07-27 09:26:57,22.634028,114.12228799999998,9.530542125101173,358.1342034543208,0.1468184209539149
473,2019-07-27 09:26:58,22.634113,114.122285,9.677360546055088,358.81179067117097,0.3313668594772476
473,2019-07-27 09:26:59,22.634202,114.122283,10.008727405532335,2.9031645853473265,0.4561846714388853
473,2019-07-27 09:27:00,22.634293,114.12228799999998,10.46491207697122,2.723864833723724,0.6048127083812549
473,2019-07-27 09:27:01,22.63439,114.122293,11.069724785352475,1.036804148033582,0.2194763273409918
473,2019-07-27 09:27:02,22.634492,114.122295,11.289201112693467,1.5703812737704652,0.3171790990974408
473,2019-07-27 09:27:03,22.634593,114.122298,11.606380211790908,1.7455854147264065,0.2025296278325505
473,2019-07-27 09:27:05,22.634805,114.122305,12.01143946745601,0.0,0.6096019917466293
473,2019-07-27 09:27:06,22.634917,114.122305,12.62104145920264,0.9196180037070576,0.0618258095637695
473,2019-07-27 09:27:07,22.635032,114.122307,12.682867268766408,2.8056773838556524,-0.0942861918352875
473,2019-07-27 09:27:08,22.635145,114.122313,12.58858107693112,4.2043173389411095,-0.1664761588474732
473,2019-07-27 09:27:09,22.635258,114.122322,12.422104918083647,2.8820638817610416,-0.4576408845090274
473,2019-07-27 09:27:10,22.635368,114.122328,11.96446403357462,2.0137383006315304,-0.5640964774009873
473,2019-07-27 09:27:11,22.635473,114.122332,11.400367556173633,0.5288086628532369,-0.8367248883683001
473,2019-07-27 09:27:12,22.635573,114.122333,10.563642667805333,0.0,-1.3877651624955458
473,2019-07-27 09:27:13,22.635663,114.122333,9.175877505309789,2.8181148772096662,-1.700412469350029
473,2019-07-27 09:27:14,22.635738,114.12233700000002,7.475465035959758,7.133391765012732,-1.155993061312115
473,2019-07-27 09:27:15,22.635797,114.122345,6.319471974647643,12.756097074949764,-0.3918295914227663
473,2019-07-27 09:27:16,22.63585,114.122358,5.927642383224876,24.77259703340195,-0.0916041363181596
473,2019-07-27 09:27:17,22.635898,114.122382,5.836038246906717,41.24494659515517,0.3219522961620855
473,2019-07-27 09:27:18,22.635938,114.12242,6.157990543068802,59.4178253653796,0.1096574079834633
473,2019-07-27 09:27:19,22.635968,114.122475,6.267647951052266,69.47980333946555,0.7485126473168222
473,2019-07-27 09:27:20,22.635987,114.12253,7.016160598369088,89.22406068572798,1.348322913104389
473,2019-07-27 09:27:21,22.635988,114.12261,8.364483511473477,89.99998402626517,0.7183914124348068
473,2019-07-27 09:27:22,22.635988,114.122693,9.082874923908284,90.6603538222032,0.6170406262095565
473,2019-07-27 09:27:23,22.635987,114.12278700000002,9.69991555011784,91.30665425412428,0.3070720135038733
473,2019-07-27 09:27:24,22.635985,114.122882,10.006987563621712,89.9999807553728,0.2565582892148974
473,2019-07-27 09:27:25,22.635985,114.122982,10.26354585283661,91.24134062678075,0.2596437313665731
473,2019-07-27 09:27:26,22.635983,114.123082,10.523189584203184,91.77306230990372,-0.2548258336887201
473,2019-07-27 09:27:27,22.63598,114.12318700000002,10.268363750514464,91.95956587112904,-0.7671664319097307
473,2019-07-27 09:27:28,22.635977,114.123282,9.501197318604731,92.75686215034337,-0.7219777922743837
473,2019-07-27 09:27:29,22.635973,114.123372,8.77921952633035,90.76633009144048,-0.818445241858873
473,2019-07-27 09:27:30,22.635972,114.123453,7.960774284471476,94.18695599080866,-1.2379334382720346
473,2019-07-27 09:27:31,22.635967,114.123527,6.722840846199442,100.9500009148532,-1.3720349509138785
473,2019-07-27 09:27:32,22.635957,114.123583,5.350805895285563,96.57498652043432,-0.6845389364974572
473,2019-07-27 09:27:33,22.635952,114.12363,4.666266958788106,100.00278372630856,-0.3894002820026916
473,2019-07-27 09:27:34,22.635945,114.123673,4.276866676785414,89.99999230471809,0.3578283356545091
473,2019-07-27 09:27:35,22.635945,114.123713,4.634695012439924,98.62511828368764,-0.7469059754009315
473,2019-07-27 09:27:36,22.635938,114.12376299999998,3.887789037038992,45.19627935423864,-0.1583659788236193
473,2019-07-27 09:27:37,22.63596,114.123787,3.7294230582153727,69.66239283507673,1.5869601490504497
473,2019-07-27 09:27:38,22.635973,114.123825,5.316383207265822,78.15656281795111,0.922052050594112
473,2019-07-27 09:27:39,22.635985,114.123887,6.238435257859934,73.81659367192879,-0.1824187038158671
473,2019-07-27 09:27:40,22.636,114.123943,6.056016554044067,66.5688411597269,-0.043291782756353
473,2019-07-27 09:27:41,22.636022,114.123998,6.012724771287714,60.60309704101371,2.02617934712242
473,2019-07-27 09:27:42,22.636048,114.124048,8.038904118410134,84.53912860153287,1.6570847424919286
473,2019-07-27 09:27:43,22.636057,114.12415,9.695988860902062,78.47284544768115,-0.4989787281135918
473,2019-07-27 09:27:44,22.636073,114.124235,9.19701013278847,83.28333826995106,0.1890182285519692
473,2019-07-27 09:27:45,22.636083,114.124327,9.38602836134044,76.16661360724538,-0.2615171668580629
473,2019-07-27 09:27:46,22.636103,114.12441499999998,9.124511194482375,71.9262114263422,0.0144715600327494
473,2019-07-27 09:27:47,22.636128,114.124498,9.138982754515126,73.35931632499364,0.0980125695749674
473,2019-07-27 09:27:48,22.636152,114.124585,9.236995324090094,72.32471143842088,-0.3594664195755772
473,2019-07-27 09:27:49,22.636177,114.12467,8.877528904514516,72.69841738599757,-0.578302537695409
473,2019-07-27 09:27:50,22.6362,114.12475,8.299226366819108,67.15203598903241,-0.546448971309208
473,2019-07-27 09:27:51,22.636228,114.124822,7.7527773955098995,75.45687139279812,-0.2486414636741987
473,2019-07-27 09:27:52,22.636245,114.124893,7.504135931835701,70.94242173688707,0.2453464571546959
473,2019-07-27 09:27:53,22.636267,114.124962,7.749482388990397,73.88474315254012,0.0051992392399879
473,2019-07-27 09:27:54,22.636287,114.125037,7.754681628230385,76.27906306333779,-0.4107724734398452
473,2019-07-27 09:27:55,22.636303,114.125108,7.3439091547905395,72.92037531637237,-0.3245409769095939
473,2019-07-27 09:27:56,22.636322,114.125175,7.019368177880946,68.10332000737458,0.0929081452061177
473,2019-07-27 09:27:57,22.636345,114.125237,7.112276323087063,78.77929769888709,0.2559757807242011
473,2019-07-27 09:27:58,22.636358,114.125308,7.368252103811264,90.86211379295844,0.0563111849362387
473,2019-07-27 09:27:59,22.636357,114.12538,7.424563288747503,100.23599058077484,-0.1555967868049901
473,2019-07-27 09:28:00,22.636345,114.125452,7.268966501942513,120.37608134836957,0.2222514849912364
473,2019-07-27 09:28:01,22.636312,114.12551299999998,7.49121798693375,135.0916953271078,0.5450980111108521
473,2019-07-27 09:28:02,22.636262,114.125567,8.036315998044602,146.18204184789408,0.545260543232656
473,2019-07-27 09:28:03,22.6362,114.12561200000002,8.581576541277258,154.02827364183656,0.9681860434952884
473,2019-07-27 09:28:04,22.636128,114.12565,9.549762584772546,159.41248356141432,0.4032776008414807
473,2019-07-27 09:28:05,22.636042,114.125685,9.953040185614029,160.19184319104966,0.3136981552185389
473,2019-07-27 09:28:06,22.63596,114.125717,10.266738340832566,160.65231075834106,0.9111154051209044
473,2019-07-27 09:28:07,22.635868,114.125752,11.17785374595347,156.38522466919835,0.5658331094834264
473,2019-07-27 09:28:08,22.635773,114.125797,11.743686855436897,155.67382778606986,0.3011863443058864
473,2019-07-27 09:28:09,22.635675,114.125845,12.044873199742783,153.9071609439086,0.2113017348151196
473,2019-07-27 09:28:10,22.635577,114.125897,12.256174934557905,153.9332639869392,-0.2987194439291585
473,2019-07-27 09:28:11,22.635477,114.12595,11.957455490628744,152.4498392281655,-0.4449997529719489
473,2019-07-27 09:28:12,22.635385,114.126002,11.512455737656795,150.57529324842417,-0.1194861983910993
473,2019-07-27 09:28:13,22.635295000000006,114.126057,11.392969539265696,150.02112596827976,-0.2406176014780694
473,2019-07-27 09:28:14,22.635207,114.126112,11.152351937787628,149.15355533515446,-0.5351658866054372
473,2019-07-27 09:28:15,22.635122,114.126167,10.61718605118219,149.21162481817976,-0.5078265029792846
473,2019-07-27 09:28:16,22.635043,114.126218,10.109359548202905,147.72719478641056,-0.823355777362206
473,2019-07-27 09:28:17,22.634967,114.12627,9.2860037708407,147.42209708533812,-1.229742578437584
473,2019-07-27 09:28:18,22.634902,114.126315,8.056261192403115,144.1857933095061,0.2078407803751591
473,2019-07-27 09:28:19,22.634847,114.126358,8.264101972778274,145.9801408075116,0.0153283812929529
473,2019-07-27 09:28:20,22.63478,114.126407,8.279430354071227,139.56970002190917,-0.4471860385021173
473,2019-07-27 09:28:21,22.634728,114.126455,7.83224431556911,140.50850305451684,-0.0113026537630345
473,2019-07-27 09:28:22,22.634672,114.126505,7.820941661806075,142.43437650691658,0.2468194188881041
473,2019-07-27 09:28:23,22.634618,114.12655,8.06776108069418,144.88428422342338,0.7963106554694033
473,2019-07-27 09:28:24,22.634555,114.126598,8.864071736163583,144.38439232164035,0.3753308491319345
473,2019-07-27 09:28:25,22.634488,114.12665,9.239402585295515,144.26947978743948,0.1360004408596822
473,2019-07-27 09:28:26,22.63442,114.126703,9.3754030261552,145.5638234112887,-0.0876177993315678
473,2019-07-27 09:28:27,22.63435,114.126755,9.287785226823631,145.83675524955726,0.0920666944011046
473,2019-07-27 09:28:28,22.634282,114.126805,9.379851921224736,146.31268896686367,0.0287329425368998
473,2019-07-27 09:28:29,22.63421,114.126857,9.408584863761636,145.30762824791407,-0.9200721199020504
473,2019-07-27 09:28:30,22.634142,114.126908,8.488512743859586,141.73610711504796,-0.2875395076728075
473,2019-07-27 09:28:31,22.634087,114.126955,8.200973236186778,137.29354763906167,0.3296773073283052
473,2019-07-27 09:28:32,22.63403,114.127012,8.530650543515083,133.19764274038744,-0.1215818725369235
473,2019-07-27 09:28:33,22.633978,114.127072,8.40906867097816,132.64281889828663,-0.2258242756560253
473,2019-07-27 09:28:34,22.633927,114.127132,8.183244395322134,134.04951602424114,-0.0725144566160604
473,2019-07-27 09:28:35,22.633877,114.127188,8.110729938706074,134.66587348963117,0.4145074339469801
473,2019-07-27 09:28:36,22.633825,114.127245,8.525237372653054,133.86419244447427,0.4120048240114453
473,2019-07-27 09:28:37,22.63377,114.127307,8.9372421966645,132.5133158186159,-0.1888216141744454
473,2019-07-27 09:28:38,22.633715,114.127372,8.748420582490054,133.197577214163,-0.7164867931908177
473,2019-07-27 09:28:39,22.633663,114.127432,8.031933789299236,132.18133090868758,-0.6410347977367099
473,2019-07-27 09:28:40,22.633617,114.12748700000002,7.390898991562526,133.0679127618011,-0.5278976371361219
473,2019-07-27 09:28:41,22.633573,114.127538,6.863001354426404,132.67845125921917,-0.6786957592407807
473,2019-07-27 09:28:42,22.633533,114.127585,6.184305595185624,132.07784397771047,-0.4525902446481975
473,2019-07-27 09:28:43,22.633498,114.127627,5.731715350537426,133.47121799191575,-0.2220688589943078
473,2019-07-27 09:28:44,22.633463,114.127667,5.509646491543118,136.48817202703685,-0.2302425436236364
473,2019-07-27 09:28:45,22.633428,114.127703,5.279403947919482,129.808340772174,-0.2976037574364705
473,2019-07-27 09:28:46,22.633398,114.127742,4.981800190483011,130.9171653006714,-0.4925358561799013
473,2019-07-27 09:28:47,22.633370000000006,114.127777,4.48926433430311,131.14506004438078,-0.4917314399837877
473,2019-07-27 09:28:48,22.633345,114.127808,3.997532894319322,132.70483702086057,-0.2627450172457992
473,2019-07-27 09:28:49,22.633322,114.127835,3.734787877073523,136.1260977443231,0.4134149129206674
473,2019-07-27 09:28:50,22.633298,114.12786,4.148202789994191,128.82851163953194,0.5691801140356825
473,2019-07-27 09:28:51,22.633272,114.127895,4.717382904029873,131.91452195401598,0.1893263746713467
473,2019-07-27 09:28:52,22.633243,114.12793,4.90670927870122,128.6011723333827,0.3037529730509751
473,2019-07-27 09:28:53,22.633215,114.127968,5.210462251752195,130.9171261770199,0.8984509112459964
473,2019-07-27 09:28:54,22.633183,114.128008,6.108913162998191,134.7476621271495,1.2067962825784102
473,2019-07-27 09:28:55,22.63314,114.128055,7.315709445576601,131.77634703765148,0.565674095921815
473,2019-07-27 09:28:56,22.633093,114.12811200000002,7.881383541498416,134.5653767678067,-0.2255400608555016
473,2019-07-27 09:28:57,22.633043,114.128167,7.655843480642915,132.61092238916825,-0.4534728686554494
473,2019-07-27 09:28:58,22.632998,114.12822,7.202370611987465,132.97670411345365,-0.113038107221655
473,2019-07-27 09:28:59,22.632955,114.12827,7.08933250476581,131.8577396369708,0.113040591099006
473,2019-07-27 09:29:00,22.632912,114.128322,7.202373095864816,133.71053486350542,-0.073724906393612
473,2019-07-27 09:29:01,22.632867,114.128373,7.128648189471204,134.2124580815955,-0.0767277105790382
473,2019-07-27 09:29:02,22.632823,114.128422,7.051920478892166,132.4112103257125,-0.0379653866799536
473,2019-07-27 09:29:03,22.63278,114.128473,7.013955092212212,132.30485996861574,0.1129993031512288
473,2019-07-27 09:29:04,22.632738,114.128523,7.126954395363441,133.15505221913045,0.3393813898507538
473,2019-07-27 09:29:05,22.632693,114.128575,7.466335785214195,132.18112967554703,0.1885974964248014
473,2019-07-27 09:29:06,22.632647,114.12863,7.654933281638996,132.79484848126936,0.3784825904512487
473,2019-07-27 09:29:07,22.6326,114.128685,8.033415872090245,134.71305805709693,0.7241216450363446
473,2019-07-27 09:29:08,22.632547,114.128743,8.75753751712659,135.87469586809613,0.6410175593429948
473,2019-07-27 09:29:09,22.632488,114.128805,9.398555076469584,134.60796890595793,0.4090956186323549
473,2019-07-27 09:29:10,22.632427,114.128872,9.80765069510194,133.81925461648393,0.1879251304677929
473,2019-07-27 09:29:11,22.632365,114.128942,9.995575825569732,134.27735980413826,0.1112183957910879
473,2019-07-27 09:29:12,22.632302,114.12901200000002,10.10679422136082,132.61945214349112,0.2278408265307021
473,2019-07-27 09:29:13,22.63224,114.129085,10.334635047891522,135.23372126844504,0.4164201181217937
473,2019-07-27 09:29:14,22.632173,114.129157,10.751055166013316,133.36596165910305,0.2606547865841921
473,2019-07-27 09:29:15,22.632105,114.129235,11.011709952597508,133.3659474963199,0.1128317913793779
473,2019-07-27 09:29:16,22.632037,114.12931299999998,11.124541743976886,133.05945477717034,0.5666080601878569
473,2019-07-27 09:29:17,22.631968,114.129393,11.691149804164745,134.08949379787447,1.1345755179149712
473,2019-07-27 09:29:18,22.631892,114.129478,12.825725322079714,134.41235068081443,1.5868832943967668
473,2019-07-27 09:29:19,22.631807,114.129572,14.41260861647648,134.75364257915442,1.3213601747579666
473,2019-07-27 09:29:20,22.63171,114.129678,15.733968791234448,134.61617820738434,0.7532640819401433
473,2019-07-27 09:29:21,22.631608,114.12979,16.48723287317459,134.46695420277024,-0.1533492780961474
473,2019-07-27 09:29:22,22.631502,114.129907,16.333883595078444,134.0180252778166,-0.94764112429492
473,2019-07-27 09:29:23,22.631403,114.130018,15.386242470783523,132.6579627138599,-0.6043101958362413
473,2019-07-27 09:29:24,22.631312,114.130125,14.781932274947282,132.5621749514945,-0.3769999854891459
473,2019-07-27 09:29:25,22.631223,114.13023,14.404932289458136,132.41086388415067,-0.4148769414314266
473,2019-07-27 09:29:26,22.631137,114.130332,13.99005534802671,133.21946391476058,-0.3381180429112387
473,2019-07-27 09:29:27,22.631052,114.13043,13.65193730511547,133.77032470035698,-0.3026640177463928
473,2019-07-27 09:29:28,22.630968,114.130525,13.349273287369078,132.37587184580457,-0.4133591095035207
473,2019-07-27 09:29:29,22.630888,114.13062,12.935914177865556,131.1445302244348,-0.5529618434174957
473,2019-07-27 09:29:30,22.630813,114.130713,12.382952334448062,128.68731723525264,-0.8073882033529305
473,2019-07-27 09:29:31,22.630745,114.130805,11.575564131095131,123.50809927494056,-0.7184585355334132
473,2019-07-27 09:29:32,22.63069,114.130895,10.857105595561718,116.60789385465148,-0.3469978836407623
473,2019-07-27 09:29:33,22.630647,114.130988,10.510107711920956,110.04907366643369,-0.357203102524414
473,2019-07-27 09:29:34,22.630615,114.131083,10.152904609396542,104.22835652683813,-0.5257748015568406
473,2019-07-27 09:29:35,22.630593,114.131177,9.6271298078397,103.8328191804104,-0.9275659497324488
473,2019-07-27 09:29:36,22.630573,114.13126499999998,8.699563858107252,108.37895341076944,-0.6978660129606489
473,2019-07-27 09:29:37,22.63055,114.13134,8.001697845146603,110.61561384480184,-0.1414874715138765
473,2019-07-27 09:29:38,22.630525,114.131412,7.860210373632727,113.43029812486408,0.0608203810508687
473,2019-07-27 09:29:39,22.630497,114.131482,7.921030754683596,116.3481122450437,-0.1073418916024167
473,2019-07-27 09:29:40,22.630465,114.131552,7.813688863081179,118.81264387369016,-0.3959447728569456
473,2019-07-27 09:29:41,22.630432,114.131617,7.417744090224233,121.54725046698036,-0.7400204410700981
473,2019-07-27 09:29:42,22.630398,114.131677,6.677723649154135,126.68052425278093,-0.8133847886451973
473,2019-07-27 09:29:43,22.630365,114.131725,5.864338860508938,129.53829424266507,-0.6538122157582178
473,2019-07-27 09:29:44,22.630333,114.131767,5.21052664475072,130.11938044232727,-0.5643900542464868
473,2019-07-27 09:29:45,22.630305,114.131803,4.646136590504233,128.5418388739884,-0.1039513114304186
473,2019-07-27 09:29:46,22.63028,114.131837,4.542185279073815,126.95676194770124,0.6847431039838465
473,2019-07-27 09:29:47,22.630255,114.131873,5.226928383057661,127.61167242314508,0.8915320701435485
473,2019-07-27 09:29:48,22.630223,114.131918,6.11846045320121,131.21680759151246,0.3678472187280279
473,2019-07-27 09:29:49,22.630185,114.131965,6.486307671929238,135.3186854423402,0.0148787643529875
473,2019-07-27 09:29:50,22.630143,114.13201,6.501186436282225,137.96398077390472,-0.265532941820763
473,2019-07-27 09:29:51,22.6301,114.132052,6.235653494461462,142.3048951928322,-0.6012494550650285
473,2019-07-27 09:29:52,22.630057,114.13208799999998,5.634404039396434,148.07581640458943,-0.4410914156772341
473,2019-07-27 09:29:53,22.630017,114.13211499999998,5.1933126237192,147.42116659436704,-0.2148972933375459
473,2019-07-27 09:29:54,22.629978,114.132142,4.978415330381654,146.3118692801291,0.1029425096861231
473,2019-07-27 09:29:55,22.629942,114.132168,5.081357840067777,146.2102760857381,0.6156550689380342
473,2019-07-27 09:29:56,22.629902,114.132197,5.697012909005811,145.9069531588516,0.2603216384972233
473,2019-07-27 09:29:57,22.629857,114.13223,5.957334547503034,148.39434655041623,-0.1829679599001288
473,2019-07-27 09:29:58,22.629812,114.13226,5.7743665876029056,149.57128870714394,-0.0791879305453804
473,2019-07-27 09:29:59,22.629768,114.132288,5.695178657057525,153.3599957731465,0.0247897532300394
473,2019-07-27 09:30:00,22.629722,114.13231299999998,5.7199684102875645,151.02202425884843,0.2196381998199292
473,2019-07-27 09:30:01,22.629677,114.13234,5.939606610107494,152.19126241829986,0.2201707537032602
473,2019-07-27 09:30:02,22.629628,114.132368,6.159777363810754,150.0201117332524,0.0020225806308262
473,2019-07-27 09:30:03,22.62958,114.132398,6.16179994444158,150.02010308290238,-0.0737781821642205
473,2019-07-27 09:30:04,22.629532,114.132428,6.08802176227736,150.3376963122439,-0.2920052214372521
473,2019-07-27 09:30:05,22.629485,114.132457,5.796016540840108,148.9928065751044,0.5844106589773181
473,2019-07-27 09:30:06,22.629442,114.132485,6.380427199817426,151.8810233395459,0.1987758878691208
473,2019-07-27 09:30:07,22.629385,114.132518,6.579203087686547,146.72050413844875,-0.9789736641195574
473,2019-07-27 09:30:08,22.62934,114.13255,5.600229423566989,153.18523504371967,-0.4425445518280098
473,2019-07-27 09:30:09,22.629298,114.132573,5.157684871738979,151.02195036563876,-0.2923611761717684
473,2019-07-27 09:30:10,22.629258,114.132597,4.865323695567211,149.4719992692036,-0.4878346221548861
473,2019-07-27 09:30:11,22.629222,114.13262,4.377489073412325,150.02004184409043,-0.5888389598342556
473,2019-07-27 09:30:12,22.62919,114.13264,3.788650113578069,153.68889049148677,-0.2789236654704599
473,2019-07-27 09:30:13,22.629162,114.132655,3.5097264481076094,159.73555712276925,-0.4418835921522102
473,2019-07-27 09:30:14,22.629132,114.132667,3.067842855955399,161.44609655973773,-0.710986533795666
473,2019-07-27 09:30:15,22.62911,114.132675,2.356856322159733,151.50025274244774,-0.9233658786070704
473,2019-07-27 09:30:16,22.629093,114.132685,1.4334904435526628,96.18334003183428,-0.7663656636130297
473,2019-07-27 09:30:17,22.629092,114.132695,0.667124779939633,70.14355668317546,-0.5648537572683027
473,2019-07-27 09:30:18,22.629093,114.132698,0.1022710226713303,125.15373008118593,0.0013601710417976
473,2019-07-27 09:31:08,22.629067000000006,114.132738,0.1702795747612149,136.12521147787413,3.676072781953641
473,2019-07-27 09:31:09,22.629043,114.13276299999998,3.846352356714856,129.7133870780479,-0.0746589991527053
473,2019-07-27 09:31:10,22.62902,114.132793,3.7716933575621514,133.63331766478592,0.4519022585591985
473,2019-07-27 09:31:11,22.628998,114.132818,4.223595616121349,132.88079168714995,0.7917612940398664
473,2019-07-27 09:31:12,22.628968,114.132853,5.015356910161215,132.23057339881802,0.1886568134793549
473,2019-07-27 09:31:13,22.628937,114.13289,5.20401372364057,132.37546621838408,0.3067500827417424
473,2019-07-27 09:31:14,22.628905,114.132928,5.510763806382313,128.2356449561761,0.5376126990343311
473,2019-07-27 09:31:15,22.628873,114.132972,6.048376505416644,129.09568333253787,0.3256241910577033
473,2019-07-27 09:31:16,22.628837,114.13302,6.374000696474347,123.6917802385658,0.1570913324650886
473,2019-07-27 09:31:17,22.628805,114.133072,6.531092028939436,128.16729158547082,0.4256215638926655
473,2019-07-27 09:31:18,22.628768,114.133123,6.956713592832101,128.9253008743445,0.4260532749082717
473,2019-07-27 09:31:19,22.628727,114.133178,7.382766867740373,126.29766218590947,0.5288123269472855
473,2019-07-27 09:31:20,22.628687,114.133237,7.911579194687659,128.94696063668596,0.2644152484456663
473,2019-07-27 09:31:21,22.62864,114.1333,8.175994443133325,126.4816196054283,1.3679176169471194
473,2019-07-27 09:31:22,22.628597,114.133363,9.543912060080444,134.56443337950964,1.2410168870485077
473,2019-07-27 09:31:23,22.628527,114.13344,10.784928947128952,131.09977487498168,0.0387522662194594
473,2019-07-27 09:31:24,22.628465,114.133517,10.823681213348411,132.64166799931593,0.4514777224892583
473,2019-07-27 09:31:25,22.628397,114.133597,11.27515893583767,133.1148999103919,0.0759606962993704
473,2019-07-27 09:31:26,22.628327,114.133678,11.35111963213704,133.47013031085396,-0.0744823338765865
473,2019-07-27 09:31:27,22.628257,114.133758,11.276637298260454,133.8300691459258,-0.1892770177682035
473,2019-07-27 09:31:28,22.628187,114.133837,11.08736028049225,132.94159664326315,-0.0743534671167331
473,2019-07-27 09:31:29,22.628120000000006,114.133915,11.013006813375515,134.56433397615035,-0.2617864378951946
473,2019-07-27 09:31:30,22.62805,114.133992,10.751220375480322,133.96973878898416,-0.4549249266694417
473,2019-07-27 09:31:31,22.627985,114.134065,10.29629544881088,133.47006140266478,-0.3005527344868532
473,2019-07-27 09:31:32,22.627922,114.134137,9.995742714324027,134.64842214123837,-0.5608147141814328
473,2019-07-27 09:31:33,22.62786,114.134205,9.434928000142596,135.3841239991517,-0.6287624701710879
473,2019-07-27 09:31:34,22.627802,114.134267,8.806165529971507,137.79729163909377,-0.3446741633446066
473,2019-07-27 09:31:35,22.627745,114.134323,8.4614913666269,140.39090882683297,-1.593896041310794
473,2019-07-27 09:31:36,22.627687,114.134375,6.867595325316106,126.15415873120251,-1.7008119844195857
473,2019-07-27 09:31:37,22.627658,114.134418,5.1667833408965205,138.16972473807368,0.2807794917587749
473,2019-07-27 09:31:38,22.627625,114.13445,5.447562832655295,143.0824775469838,1.0278536888055498
473,2019-07-27 09:31:39,22.627582,114.134485,6.475416521460845,145.99960040370968,0.5275786248879832
473,2019-07-27 09:31:40,22.62753,114.134523,7.0029951463488285,150.2910133925929,0.1857989584320689
473,2019-07-27 09:31:41,22.627475,114.134557,7.188794104780897,149.75935558434162,0.0781553737614633
473,2019-07-27 09:31:42,22.627418,114.134593,7.266949478542361,148.1619848578597,0.2966309090200552
473,2019-07-27 09:31:43,22.627363,114.13463,7.563580387562416,148.81500469197192,0.7301901693560726
473,2019-07-27 09:31:44,22.627302,114.13467,8.293770556918489,149.3578898781946,0.4393918546154207
473,2019-07-27 09:31:45,22.627235,114.134713,8.73316241153391,149.15209595644905,-0.0520214709757578
473,2019-07-27 09:31:46,22.627167,114.134757,8.681140940558151,150.54057562397037,-0.2917620445026632
473,2019-07-27 09:31:47,22.6271,114.134798,8.389378896055488,148.3938296170462,-0.3176524171742709
473,2019-07-27 09:31:48,22.627037,114.13484,8.071726478881217,150.50196058137357,-0.1760246391865267
473,2019-07-27 09:31:49,22.626975,114.134878,7.89570183969469,151.15225598540923,0.1460456631306526
473,2019-07-27 09:31:50,22.626913,114.134915,8.041747502825343,151.64791984556348,0.6600460621783313
473,2019-07-27 09:31:51,22.62684800000001,114.134953,8.701793565003674,152.02907439442097,1.0513353192823036
473,2019-07-27 09:31:52,22.626775,114.134995,9.753128884285978,152.1187223687889,0.5716632506992241
473,2019-07-27 09:31:53,22.626693,114.135042,10.324792134985202,156.00007774712958,-0.356540736422664
473,2019-07-27 09:31:54,22.626608,114.135083,9.968251398562538,158.00983324610456,-1.269199892023087
473,2019-07-27 09:31:55,22.626528,114.135118,8.699051506539451,164.8114079530452,-1.4489418733849284
473,2019-07-27 09:31:56,22.62646,114.13513799999998,7.250109633154523,173.8536642294432,-0.4664426197808007
473,2019-07-27 09:31:57,22.6264,114.135145,6.783667013373722,184.25714226145163,-0.04494444438326
473,2019-07-27 09:31:58,22.626338,114.13514,6.738722568990462,202.3950257004983,0.0363227008973456
473,2019-07-27 09:31:59,22.626282,114.13511499999998,6.775045269887808,218.3500666052455,-0.3598045185594474
473,2019-07-27 09:32:00,22.626233,114.135073,6.41524075132836,242.01065667690855,0.0156077386146096
473,2019-07-27 09:32:01,22.626207,114.13502,6.43084848994297,246.5703563273571,0.1091381046590642
473,2019-07-27 09:32:02,22.626183,114.13496,6.539986594602034,260.0882654345822,-0.1489864281344992
473,2019-07-27 09:32:03,22.626173,114.134898,6.391000166467535,261.9133811278823,-0.1520089318355637
473,2019-07-27 09:32:04,22.626165,114.134837,6.238991234631971,259.5950293945168,-0.2531276190348173
473,2019-07-27 09:32:05,22.626155,114.134778,5.985863615597154,261.2022041225895,-0.2116427592175798
473,2019-07-27 09:32:06,22.626147,114.134722,5.774220856379574,259.9470161202429,-0.2728358580848873
473,2019-07-27 09:32:07,22.626138,114.134667,5.501384998294687,251.65202278521355,-0.454125702274581
473,2019-07-27 09:32:08,22.626123,114.134618,5.047259296020106,270.0000092338429,-0.119438281642572
473,2019-07-27 09:32:09,22.626123,114.13457,4.927821014377534,272.5846401792475,-0.0370639998024993
473,2019-07-27 09:32:10,22.626125,114.134522,4.890757014575034,276.57453859981285,-0.0588245091064782
473,2019-07-27 09:32:11,22.62613,114.134475,4.831932505468556,270.00000903965395,0.145951989078827
473,2019-07-27 09:32:12,22.62613,114.134428,4.977884494547383,270.00000961866226,-0.3065867265280211
473,2019-07-27 09:32:13,22.62613,114.134378,4.671297768019362,266.9748584130307,-0.6649892760191864
473,2019-07-27 09:32:14,22.626128,114.13433700000002,4.006308492000176,268.32283077547123,-0.4135904332497269
473,2019-07-27 09:32:15,22.626127,114.1343,3.5927180587504486,270.0000063475894,-0.1525878294893674
473,2019-07-27 09:32:16,22.626127,114.134267,3.440130229261081,266.3535697254465,0.2564672208901921
473,2019-07-27 09:32:17,22.626125,114.134233,3.696597450151273,270.00000731000847,0.153888313370873
473,2019-07-27 09:32:18,22.626125,114.134195,3.8504857635221454,273.35149045756225,-0.1025928193095224
473,2019-07-27 09:32:19,22.626127,114.134158,3.747892944212624,270.0000069264106,0.4326253304375091
473,2019-07-27 09:32:20,22.626127,114.134122,4.180518274650133,280.90176125097423,1.070406125462383
473,2019-07-27 09:32:21,22.626135,114.134077,5.250924400112516,283.29916639208943,0.6372915914114747
473,2019-07-27 09:32:22,22.626147,114.134022,5.888215991523991,270.0000113470568,0.6222424412269039
473,2019-07-27 09:32:23,22.626147,114.133963,6.510458432750895,288.1749098253275,-0.5421780760167039
473,2019-07-27 09:32:24,22.626167,114.133897,5.968280356734191,264.94595298902004,-0.835237488731722
473,2019-07-27 09:32:25,22.626163,114.133848,5.133042868002469,272.4327927105422,0.1557141270288013
473,2019-07-27 09:32:26,22.626165,114.133797,5.28875699503127,241.0685456869905,0.6410157217437176
473,2019-07-27 09:32:27,22.62614,114.133748,5.929772716774988,236.9749500001563,0.1821939622640798
473,2019-07-27 09:32:28,22.62611,114.133698,6.111966679039067,221.3180993484251,0.1480614067786394
473,2019-07-27 09:32:29,22.626068,114.133658,6.260028085817707,220.65063629893527,-0.0220463425880277
473,2019-07-27 09:32:30,22.626025,114.133618,6.237981743229679,207.3344483846388,-0.3956817252268223
473,2019-07-27 09:32:31,22.625975,114.13358999999998,5.842300018002857,208.22018542269427,-0.0723701048621867
473,2019-07-27 09:32:32,22.625932,114.133565,5.76992991314067,191.3864787737375,0.609283743742365
473,2019-07-27 09:32:33,22.625877,114.133553,6.379213656883035,193.6529792852868,0.1561454387370782
473,2019-07-27 09:32:34,22.62582,114.133538,6.535359095620113,235.54440628401693,0.1673459627380698
473,2019-07-27 09:32:35,22.625782,114.133478,6.702705058358183,239.67130324355765,-0.9478218515013525
473,2019-07-27 09:32:36,22.625755,114.133428,5.754883206856831,236.0159853282837,0.0082938845508087
473,2019-07-27 09:32:37,22.625727,114.133383,5.76317709140764,230.6978540154141,0.54493989687953
473,2019-07-27 09:32:38,22.625693,114.133338,6.3081169882871695,230.53305688798807,0.5459619726314253
473,2019-07-27 09:32:39,22.625655,114.133288,6.854078960918595,234.40477736110716,0.2152638237758779
473,2019-07-27 09:32:40,22.625618,114.133232,7.069342784694473,238.78592995446175,0.0260414886577109
473,2019-07-27 09:32:41,22.625585,114.133173,7.095384273352184,236.8248473061544,-0.116472531738303
473,2019-07-27 09:32:42,22.62555,114.133115,6.978911741613881,238.6915332140165,-0.3435556231253382
473,2019-07-27 09:32:43,22.625518,114.133058,6.635356118488542,232.82462408252965,-0.9028879828172088
473,2019-07-27 09:32:44,22.625483,114.133008,5.732468135671334,218.47906747322463,-0.8565970801555247
473,2019-07-27 09:32:45,22.625447,114.132977,4.875871055515809,219.91264234052397,-0.8104334225109282
473,2019-07-27 09:32:46,22.625415,114.132948,4.065437633004881,201.80061662302344,-0.5875084184753616
473,2019-07-27 09:32:47,22.625385,114.132935,3.477929214529519,222.70825029015572,0.2938069969670218
473,2019-07-27 09:32:48,22.625362,114.132912,3.771736211496541,229.08449126985084,0.2277364070190115
473,2019-07-27 09:32:49,22.625338,114.132882,3.999472618515553,229.32986047383687,-0.4898600042335097
473,2019-07-27 09:32:50,22.625315,114.132853,3.5096126142820427,229.7067382331516,-0.4503171564358146
473,2019-07-27 09:32:51,22.625297,114.13283,3.059295457846228,231.31378612463664,-0.1441068141248287
473,2019-07-27 09:32:52,22.62528,114.132807,2.9151886437213994,233.54800413907228,-0.1898152865226414
473,2019-07-27 09:32:53,22.625265,114.132785,2.725373357198758,230.90504513680168,-0.5205254630662517
473,2019-07-27 09:32:54,22.62525,114.132765,2.2048478941325063,239.98066411292436,-0.9495244700559256
473,2019-07-27 09:32:55,22.625242,114.13275,1.2553234240765807,222.7082746459032,-0.8417675359082091
473,2019-07-27 09:32:56,22.625237,114.132745,0.4135558881683717,176.7560607591589,0.0045953468102571
473,2019-07-27 09:33:27,22.625123,114.132752,0.5560116392863419,185.72934953440503,5.369407557298597
473,2019-07-27 09:33:28,22.625077,114.132747,5.925419196584939,186.1463971100065,1.0778214583442045
473,2019-07-27 09:33:29,22.625017,114.13273999999998,7.003240654929144,193.77620451234557,1.455205537620989
473,2019-07-27 09:33:30,22.624953,114.132723,8.458446192550133,165.87001314034296,-1.063041928593714
473,2019-07-27 09:33:31,22.624865,114.132747,7.395404263956419,226.4472939695513,-0.0717544900326938
473,2019-07-27 09:33:32,22.624822,114.132698,7.323649773923725,240.121973626874,0.7480302951435398
473,2019-07-27 09:33:33,22.624787,114.132632,8.071680069067265,255.5707511694422,0.1234831394124729
473,2019-07-27 09:33:34,22.624768,114.132552,8.195163208479737,253.67981393964865,-0.8851254394190233
473,2019-07-27 09:33:35,22.624748,114.132478,7.310037769060714,254.61619554276933,-0.6818811264337823
473,2019-07-27 09:33:36,22.624732,114.132415,6.628156642626932,256.2535874569546,-0.5650134342736042
473,2019-07-27 09:33:37,22.624718,114.132353,6.063143208353328,257.3277693170992,-0.3300410736981112
473,2019-07-27 09:33:38,22.624707,114.1323,5.7331021346552165,262.42156515490524,0.0662032253113968
473,2019-07-27 09:33:39,22.6247,114.132243,5.799305359966613,278.7977262587998,-0.4991478022395483
473,2019-07-27 09:33:40,22.624708,114.13218700000002,5.300157557727065,268.679548963446,-0.4681754115577128
473,2019-07-27 09:33:41,22.624707,114.13214,4.831982146169352,277.87422115719824,0.7721539230373198
473,2019-07-27 09:33:42,22.624713,114.132093,5.604136069206672,300.58012502851534,0.6471593621902683
473,2019-07-27 09:33:43,22.624743,114.132038,6.25129543139694,300.32853217873884,0.1009882097631607
473,2019-07-27 09:33:44,22.62477,114.131988,6.352283641160101,301.7604086234553,1.0632709089612122
473,2019-07-27 09:33:45,22.624802,114.131932,7.415554550121313,301.5686586550385,0.7578152953380632
473,2019-07-27 09:33:46,22.62484,114.131865,8.173369845459376,302.508480873756,0.4382913574760518
473,2019-07-27 09:33:47,22.62488,114.131797,8.611661202935428,310.058036926006,0.893631428368657
473,2019-07-27 09:33:48,22.624932,114.13173,9.505292631304084,324.94987429583546,0.992412252730368
473,2019-07-27 09:33:49,22.625007,114.131673,10.497704884034452,328.5477855557724,-0.2943556316490454
473,2019-07-27 09:33:50,22.62509,114.131618,10.203349252385408,321.7866455055382,-0.6886553784885816
473,2019-07-27 09:33:51,22.625158,114.13156,9.514693873896826,319.12870127870974,-0.2593320679173292
473,2019-07-27 09:33:52,22.625222,114.1315,9.255361805979495,313.0261978546413,-0.2796905095906741
473,2019-07-27 09:33:53,22.625278,114.131435,8.975671296388823,313.86244769183423,-0.150977064077729
473,2019-07-27 09:33:54,22.625333,114.131373,8.824694232311094,312.88005754781045,0.2000166748805103
473,2019-07-27 09:33:55,22.625387,114.13131,9.024710907191604,324.26771506317664,-0.0490255483416213
473,2019-07-27 09:33:56,22.625455,114.131257,8.975685358849983,311.3556766728609,-0.4154480973645107
473,2019-07-27 09:33:57,22.625507,114.131193,8.560237261485472,314.71161311999816,-0.7098176883592338
473,2019-07-27 09:33:58,22.62556,114.131135,7.8504195731262385,315.5216272423271,-1.1221618975515335
473,2019-07-27 09:33:59,22.625607,114.131085,6.728257675574705,317.9961771996132,-1.1822060477728114
473,2019-07-27 09:34:00,22.625648,114.131045,5.546051627801893,321.64982716064924,-1.1093376115385452
473,2019-07-27 09:34:01,22.625683,114.131015,4.436714016263348,315.08950315036924,-0.7744501881309271
473,2019-07-27 09:34:02,22.625708,114.130988,3.662263828132421,316.0206137237236,-0.9073628741749418
473,2019-07-27 09:34:03,22.62573,114.130965,2.75490095395748,313.195937344197,-1.1332962666292947
473,2019-07-27 09:34:04,22.625743,114.13095,1.6216046873281846,313.4696174995597,-1.3455742462012044
473,2019-07-27 09:34:05,22.62575,114.130942,0.2760304411269803,351.2542120070054,0.0011784755036277
473,2019-07-27 09:34:44,22.62584,114.130927,0.3219909857684643,324.5014239114392,3.2691896865266155
473,2019-07-27 09:34:45,22.625862,114.13091,3.59118067229508,325.59535168473445,0.8576314086305317
473,2019-07-27 09:34:46,22.625893,114.13088700000002,4.448812080925611,335.7872993871829,0.3469415906003981
473,2019-07-27 09:34:47,22.625932,114.130868,4.795753671526009,347.8847677962361,0.2950105095225916
473,2019-07-27 09:34:48,22.625975,114.130858,5.090764181048601,358.89834321190074,0.1294767207937699
473,2019-07-27 09:34:49,22.626023,114.130857,5.220240901842371,17.10200213444932,0.4266762570139635
473,2019-07-27 09:34:50,22.626068,114.130872,5.646917158856335,36.44319506977121,0.4004233576109728
473,2019-07-27 09:34:51,22.626113,114.130908,6.047340516467307,50.69775091326329,-0.2575546113371265
473,2019-07-27 09:34:52,22.626147,114.130953,5.789785905130181,53.54781423486304,-0.4403582661155605
473,2019-07-27 09:34:53,22.626177,114.130997,5.34942763901462,59.90838542075079,1.2171228931553255
473,2019-07-27 09:34:54,22.6262,114.13103999999998,6.566550532169946,75.7881641353137,0.527312156923994
473,2019-07-27 09:34:55,22.626218,114.131117,7.09386268909394,91.03443097670272,-1.2500190961138171
473,2019-07-27 09:34:56,22.626217,114.131177,5.8438435929801225,103.78219891460184,-1.1258046410296778
473,2019-07-27 09:34:57,22.626205,114.13123,4.718038951950445,120.58037608232934,-0.327437638284433
473,2019-07-27 09:34:58,22.626187,114.131263,4.390601313666012,117.2890516348184,0.838290768548231
473,2019-07-27 09:34:59,22.626167,114.131305,5.228892082214243,105.96987353269752,0.615033528024906
473,2019-07-27 09:35:00,22.626153,114.131358,5.843925610239149,95.24572827740384,0.7782473792674214
473,2019-07-27 09:35:01,22.626148,114.131417,6.62217298950657,88.22703078482442,0.4815547436784122
473,2019-07-27 09:35:02,22.62615,114.131487,7.103727733184982,82.7364134730733,-0.3069402741250409
473,2019-07-27 09:35:03,22.626158,114.131555,6.796787459059941,80.24252380508892,-0.9425570630246948
473,2019-07-27 09:35:04,22.626168,114.131618,5.854230396035247,77.53254779653207,-1.1534871783628668
473,2019-07-27 09:35:05,22.626178,114.131667,4.70074321767238,74.8452598827227,-0.2202716371287643
473,2019-07-27 09:35:06,22.626188,114.131707,4.480471580543616,69.29719084094222,-0.3013657336623438
473,2019-07-27 09:35:07,22.626203,114.13175,4.179105846881272,68.4976577342618,-0.5253910409859577
473,2019-07-27 09:35:08,22.626215,114.131783,3.653714805895314,89.99999288193794,-0.2113411576756738
473,2019-07-27 09:35:09,22.626215,114.13182,3.44237364821964,96.18320768489724,-0.5419973562816036
473,2019-07-27 09:35:10,22.626212,114.13185,2.9003762919380365,2.2981559887525123,0.8203722925687016
473,2019-07-27 09:35:11,22.626258,114.131852,3.720748584506738,24.774123391245723,-0.6407488179135954
473,2019-07-27 09:35:12,22.626278,114.131862,3.0799997665931427,29.80914722880493,0.7086682131477753
473,2019-07-27 09:35:13,22.626307,114.13188,3.788667979740918,26.847603710598264,0.3177512730693488
473,2019-07-27 09:35:14,22.626338,114.131897,4.106419252810267,29.687842504829973,0.5622219658025296
473,2019-07-27 09:35:15,22.626372,114.131918,4.668641218612796,26.915452437905916,0.6548311523832702
473,2019-07-27 09:35:16,22.626412,114.13194,5.3234723709960665,38.926199146712975,0.4747967129913046
473,2019-07-27 09:35:17,22.626452,114.131975,5.798269083987371,44.175119795364594,-0.2150064625023908
473,2019-07-27 09:35:18,22.62649,114.132015,5.58326262148498,54.16102575055845,-0.7559606200313871
473,2019-07-27 09:35:19,22.626518,114.132057,4.827302001453593,40.74478406135421,-0.2149789807870181
473,2019-07-27 09:35:20,22.626548,114.132085,4.612323020666575,31.95055690963284,-0.12312996958007
473,2019-07-27 09:35:21,22.626585,114.13211,4.489193051086505,14.00755082065831,-0.6001681556557017
473,2019-07-27 09:35:22,22.626622,114.13212,3.8890248954308033,30.6839312485435,-0.2060636611023039
473,2019-07-27 09:35:23,22.62665,114.13213799999998,3.682961234328499,36.94680531035806,0.2886221665988948
473,2019-07-27 09:35:24,22.626677,114.13216,3.971583400927394,29.22320284342516,0.1208692983132628
473,2019-07-27 09:35:25,22.62671,114.13218,4.092452699240657,54.16098453675335,0.0558592041123171
473,2019-07-27 09:35:26,22.626732,114.132213,4.148311903352974,41.67116644084712,-0.1129542709928808
473,2019-07-27 09:35:27,22.62676,114.13224,4.0353576323600935,51.53340231184461,-0.4442718869545761
473,2019-07-27 09:35:28,22.626782,114.13227,3.5910857454055174,33.60728898269349,-0.1354558625174124
473,2019-07-27 09:35:29,22.626807,114.132288,3.455629882888105,39.08579871114989,-0.0252614618315214
473,2019-07-27 09:35:30,22.626832,114.13231,3.4303684210565835,38.75173825392415,-2.4684221511250826e-07
473,2019-07-27 09:35:31,22.626855,114.13233,3.4303681742143683,39.08578890747975,-0.949085254116762
473,2019-07-27 09:35:32,22.62688,114.132352,2.4812829200976063,36.44304226817695,-1.128885184408461
473,2019-07-27 09:35:33,22.62689,114.13236,1.3523977356891452,32.86734207411007,-0.2112273368929909
473,2019-07-27 09:35:34,22.6269,114.132367,1.1411703987961543,349.54061503119704,0.0907730491549598
473,2019-07-27 09:35:35,22.62691,114.132365,1.2319434479511142,305.83904961243667,0.6671679225830545
473,2019-07-27 09:35:36,22.626918,114.132353,1.899111370534169,305.83905273976944,0.2739457122963586
473,2019-07-27 09:35:37,22.62693,114.132335,2.173057082830528,302.5088630328487,-0.3665373040551589
473,2019-07-27 09:35:38,22.62694,114.132318,1.8065197787753684,300.25772355415023,-0.708848838552586
473,2019-07-27 09:35:39,22.626947,114.132305,1.0976709402227824,270.0000013537958,-0.1820444480661117
473,2019-07-27 09:35:40,22.626947,114.132298,0.9156264921566708,298.44416700459897,-0.6077179411154304
473,2019-07-27 09:35:41,22.626952,114.132288,0.3079085510412402,143.5569683012164,0.7513489310863934
473,2019-07-27 09:35:42,22.626947,114.132292,1.0592574821276337,134.27624805462187,-0.3968012406268987
473,2019-07-27 09:35:43,22.626938,114.132302,0.662456241500735,116.046900624494,-0.0030111295818988
473,2019-07-27 09:36:07,22.626878,114.13243500000002,0.5901891315351627,9.251521280818508,1.557115379778362
473,2019-07-27 09:36:08,22.626895,114.132438,2.147304511313525,22.55620556557324,0.2435146451598453
473,2019-07-27 09:36:09,22.626915,114.132447,2.3908191564733703,2.4024860397206567,-0.4020714409765016
473,2019-07-27 09:36:10,22.626937,114.132448,1.988747715496869,26.428102331665457,-0.4676048346588108
473,2019-07-27 09:36:11,22.62695,114.132455,1.5211428808380578,54.16094249195413,0.0634919227541783
473,2019-07-27 09:36:12,22.626958,114.132467,1.5846348035922362,37.56716035065176,0.2632800819825651
473,2019-07-27 09:36:13,22.62697,114.132477,1.847914885574801,34.09359990331802,-0.1201007222044916
473,2019-07-27 09:36:14,22.626985,114.132488,1.7278141633703097,39.717298193972,0.7275325740790812
473,2019-07-27 09:36:15,22.626995,114.132497,2.455346737449391,55.144143787046914,1.5830872251964276
473,2019-07-27 09:36:16,22.627013,114.132525,4.0384339626458186,45.525517590267725,2.551218959139254
473,2019-07-27 09:36:17,22.627042000000007,114.132557,6.589652921785072,56.35578310951507,1.3610056499315633
473,2019-07-27 09:36:18,22.627085,114.132627,7.950658571716636,70.68398277886104,-0.3957737415682336
473,2019-07-27 09:36:19,22.627107,114.132695,7.554884830148402,55.47718788982286,0.4955428122945777
473,2019-07-27 09:36:20,22.627147,114.132758,8.05042764244298,52.70131589353855,-0.1852993415325938
473,2019-07-27 09:36:21,22.627192,114.132822,7.865128300910386,50.243267633953565,-0.4673318662288945
473,2019-07-27 09:36:22,22.627235,114.132878,7.397796434681491,49.21562647555061,-0.4591868000415111
473,2019-07-27 09:36:23,22.627278,114.132932,6.93860963463998,44.68189435131359,-0.8669608288871737
473,2019-07-27 09:36:24,22.62732,114.132977,6.071648805752806,48.91160928407351,-0.4887567278580391
473,2019-07-27 09:36:25,22.627353,114.133018,5.582892077894767,42.70782367928501,-0.001451340980501
473,2019-07-27 09:36:26,22.62739,114.133055,5.581440736914266,50.46229188102888,0.6084163408895922
473,2019-07-27 09:36:27,22.627422,114.133097,6.189857077803858,49.084044323200544,-1.21919449340413
473,2019-07-27 09:36:28,22.627462,114.133147,4.9706625843997285,343.27342762252937,-0.051245953730592
473,2019-07-27 09:36:29,22.627505,114.133133,4.9194166306691365,4.690423431856345,-0.5150255328560869
473,2019-07-27 09:36:30,22.62755,114.133137,4.40439109781305,17.10182472716707,-0.3026891201337616
473,2019-07-27 09:36:31,22.627583,114.133148,4.101701977679288,27.809081278658653,0.2019452751043049
473,2019-07-27 09:36:32,22.627618,114.133168,4.303647252783593,32.39837116799259,0.5230493655328514
473,2019-07-27 09:36:33,22.62765,114.13318999999998,4.826696618316444,18.462095574099976,0.937837346643458
473,2019-07-27 09:36:34,22.627697,114.133207,5.764533964959902,28.299383732329204,-0.1739619314881713
473,2019-07-27 09:36:35,22.627745,114.133235,5.590572033471731,47.62475991179451,0.3104154875748603
473,2019-07-27 09:36:36,22.627777,114.133273,5.900987521046591,65.34174196577317,0.2469765350008081
473,2019-07-27 09:36:37,22.627802,114.133332,6.1479640560474,50.25838448344416,-0.525953451598105
473,2019-07-27 09:36:38,22.627835,114.133375,5.622010604449295,48.20958655906213,-0.2521306213761018
473,2019-07-27 09:36:39,22.627868,114.133415,5.369879983073193,55.143969557122375,-0.196754132501006
473,2019-07-27 09:36:40,22.627895,114.133457,5.173125850572187,64.28872785601328,-0.2334600618453315
473,2019-07-27 09:36:41,22.627915,114.133502,4.939665788726855,49.88109664253585,0.2655017903806209
473,2019-07-27 09:36:42,22.627943,114.133538,5.205167579107476,42.70770111859531,0.2324207128307227
473,2019-07-27 09:36:43,22.62798,114.133575,5.437588291938199,45.982666169340405,-0.4634064501897086
473,2019-07-27 09:36:44,22.628013,114.133612,4.97418184174849,77.28101170909918,-0.8867366445859499
473,2019-07-27 09:36:45,22.628023,114.13366,4.08744519716254,65.09392622451253,-1.4969367419341548
473,2019-07-27 09:36:46,22.628035,114.133688,2.590508455228385,74.08689813280358,-1.376800362196235
473,2019-07-27 09:36:47,22.62804,114.133707,1.2137080930321504,0.0,-0.0408280464471597
473,2019-07-27 09:36:48,22.628048,114.133707,1.172880046584991,73.25115215074766,0.9494294554821364
473,2019-07-27 09:36:49,22.628053,114.133725,2.122309502067127,89.99999557069754,-1.971331297509564
473,2019-07-27 09:36:50,22.628053,114.133748,0.1509782045575634,73.82551458940554,0.0001791877406443
473,2019-07-27 09:38:34,22.628087,114.133875,0.1696137295845756,34.22044397473212,5.293963989819989
473,2019-07-27 09:38:35,22.628125,114.133903,5.463577719404565,30.74569800286025,0.2563013272844809
473,2019-07-27 09:38:36,22.62817,114.133932,5.719879046689046,27.14826775460637,-0.4451014195459217
473,2019-07-27 09:38:37,22.628215,114.133957,5.274777627143124,19.373044941504645,-0.6311645590838699
473,2019-07-27 09:38:38,22.628257,114.133973,4.6436130680592544,13.65274239111801,-0.4123628570127868
473,2019-07-27 09:38:39,22.628295,114.133983,4.231250211046468,5.698450392202574,-0.2200178174321916
473,2019-07-27 09:38:40,22.628332,114.133987,4.011232393614276,346.6480280717525,0.2830324054130386
473,2019-07-27 09:38:41,22.628367,114.133978,4.294264799027315,345.75738851267374,0.324923725633897
473,2019-07-27 09:38:42,22.628407,114.133967,4.619188524661212,334.0895359267712,0.2768339702049296
473,2019-07-27 09:38:43,22.628445000000006,114.133947,4.896022494866141,323.1890466497949,0.2970506434688795
473,2019-07-27 09:38:44,22.628482,114.133917,5.193073138335021,314.0174383956389,-0.0268888091205132
473,2019-07-27 09:38:45,22.628515,114.13388,5.166184329214508,311.2971702030527,-0.2232874430234259
473,2019-07-27 09:38:46,22.62854500000001,114.133843,4.942896886191082,310.1190327767788,-0.2967252380681957
473,2019-07-27 09:38:47,22.628573,114.133807,4.646171648122886,308.54150517391764,-0.6489394342519232
473,2019-07-27 09:38:48,22.628598,114.133773,3.9972322138709626,318.50534473240475,-0.761030012963047
473,2019-07-27 09:38:49,22.628622,114.13375,3.236202200907916,323.2327304488127,-1.0346982011419268
473,2019-07-27 09:38:50,22.628643,114.133733,2.201503999765989,311.55443210894083,-1.2399695238520017
473,2019-07-27 09:38:51,22.628652,114.133722,0.9615344759139872,270.0000009476688,-0.7144459925522759
473,2019-07-27 09:38:52,22.628652,114.133717,0.2470884833617114,314.7467447268239,0.0072463958895939
473,2019-07-27 09:39:20,22.628695,114.13367,0.4499875682703412,308.3080883948916,8.610670134998063
473,2019-07-27 09:39:21,22.62873,114.133622,9.060657703268404,310.45570157706584,0.9017391048603391
473,2019-07-27 09:39:23,22.628852,114.133467,10.864135912989084,312.4814336050186,1.1676473933620652
473,2019-07-27 09:39:24,22.628923,114.133383,12.031783306351148,315.1978421457041,0.2447544574629052
473,2019-07-27 09:39:25,22.629002,114.133298,12.276537763814051,316.93762461607395,0.3529772319927939
473,2019-07-27 09:39:26,22.629082,114.133217,12.629514995806849,316.9622716786928,0.8166992291995943
473,2019-07-27 09:39:27,22.629168,114.13313,13.44621422500644,319.1697751091746,0.4187617404765724
473,2019-07-27 09:39:28,22.629262,114.133042,13.864975965483014,320.08817566754084,-0.3587811834038685
473,2019-07-27 09:39:29,22.629358,114.132955,13.506194782079143,322.90763505554,-0.7210392273280846
473,2019-07-27 09:39:30,22.629452,114.132878,12.78515555475106,325.9849666689824,-0.2085520456959226
473,2019-07-27 09:39:31,22.629545,114.13281,12.576603509055138,328.26268560154773,0.2600445181955493
473,2019-07-27 09:39:32,22.629642,114.132745,12.836648027250687,329.42854027660456,0.0512729435082421
473,2019-07-27 09:39:34,22.629842,114.132617,12.939193914267172,326.98121662553706,-0.1060946933753541
473,2019-07-27 09:39:35,22.62994,114.132548,12.833099220891818,323.781430938138,-0.5843402638749975
473,2019-07-27 09:39:36,22.630032,114.132475,12.24875895701682,321.3163879629652,-0.6513729880621284
473,2019-07-27 09:39:37,22.630115,114.132403,11.597385968954692,318.8121618915786,0.2465551516128066
473,2019-07-27 09:39:38,22.630192,114.13233,11.843941120567498,316.2402007957608,0.4576964877594136
473,2019-07-27 09:39:39,22.630272,114.132247,12.301637608326912,313.42357207733176,-0.3459373983212739
473,2019-07-27 09:39:40,22.630348,114.13216,11.955700210005638,309.8401174223721,-0.2612043455030619
473,2019-07-27 09:39:41,22.630415,114.132073,11.694495864502576,305.8397640168062,0.3324318066552063
473,2019-07-27 09:39:42,22.630477,114.13198,12.026927671157782,301.6356123485028,0.5359507241329435
473,2019-07-27 09:39:43,22.630535,114.131878,12.562878395290726,298.4448170063925,0.1419034352166264
473,2019-07-27 09:39:44,22.63059,114.131768,12.704781830507352,295.1033511350474,-0.1209083797469752
473,2019-07-27 09:39:45,22.630638,114.131657,12.583873450760375,291.75964005472747,-0.2304336582896287
473,2019-07-27 09:39:46,22.63068,114.131543,12.353439792470748,289.8566781638293,-0.0390994194172034
473,2019-07-27 09:39:47,22.630717,114.131432,12.314340373053543,290.814173410217,0.0406634576360804
473,2019-07-27 09:39:48,22.630757,114.131318,12.355003830689624,294.77128466555325,0.1726845667319416
473,2019-07-27 09:39:49,22.630803,114.13121,12.527688397421567,300.6199615408326,0.545688576194614
473,2019-07-27 09:39:50,22.630862,114.131102,13.07337697361618,305.839855566663,0.655851008063939
473,2019-07-27 09:39:51,22.630932,114.130997,13.72922798168012,310.5773781818933,0.7139692480451973
473,2019-07-27 09:39:52,22.631015,114.130892,14.443197229725316,315.8258483280088,0.5080746115344876
473,2019-07-27 09:39:53,22.63111,114.130792,14.951271841259803,315.29924002781814,0.2200293204089245
473,2019-07-27 09:39:54,22.631207,114.130688,15.17130116166873,314.7282532941371,0.4071123996699217
473,2019-07-27 09:39:55,22.631303,114.130583,15.578413561338651,313.5069485316745,0.9384885659090418
473,2019-07-27 09:39:56,22.631402,114.13047,16.516902127247693,311.19915786125034,1.096959219873998
473,2019-07-27 09:39:57,22.631503,114.130345,17.61386134712169,311.81732983581867,0.6808039428533164
473,2019-07-27 09:39:58,22.631612,114.13021299999998,18.294665289975008,310.70767460698164,0.496956304843259
473,2019-07-27 09:39:59,22.63172,114.130077,18.791621594818267,310.5150463658936,0.1634998539615964
473,2019-07-27 09:40:00,22.631832,114.129935,18.955121448779863,308.9644407572066,-0.71840364232742
473,2019-07-27 09:40:01,22.631938,114.129793,18.236717806452443,310.69973071531086,-1.8268579056177887
473,2019-07-27 09:40:02,22.632042,114.129662,16.409859900834654,311.5551629343411,-2.6072634584056527
473,2019-07-27 09:40:03,22.632132,114.129552,13.802596442429,312.45530926544734,-2.7161859715636645
473,2019-07-27 09:40:04,22.632208,114.12946200000002,11.086410470865337,312.8124022928177,-2.715047744120472
473,2019-07-27 09:40:05,22.632267,114.129393,8.371362726744865,312.41112345140465,-1.505266659616213
473,2019-07-27 09:40:06,22.63231,114.129342,6.866096067128652,309.46832366083873,-0.2936783392848134
473,2019-07-27 09:40:07,22.632348,114.129292,6.572417727843838,309.2866632709445,0.1197092459220741
473,2019-07-27 09:40:08,22.632385,114.129243,6.692126973765912,307.8400856801721,0.0615623957128734
473,2019-07-27 09:40:09,22.632423,114.12919,6.753689369478786,304.8005520091348,-0.3931055591783083
473,2019-07-27 09:40:10,22.632457,114.129137,6.3605838103004775,304.42819154269233,-0.5641629046588905
473,2019-07-27 09:40:11,22.632488,114.129088,5.796420905641587,310.21807552930966,-0.0604223642400434
473,2019-07-27 09:40:12,22.63252,114.129047,5.735998541401544,310.7554908843147,0.1142007620787115
473,2019-07-27 09:40:13,22.632555,114.129003,5.850199303480255,309.74258958921257,0.4279416615890774
473,2019-07-27 09:40:14,22.632588,114.12896,6.2781409650693325,307.1023920364625,1.5658059524117718
473,2019-07-27 09:40:15,22.632625,114.128907,7.843946917481104,307.0051008763034,1.6756154556900222
473,2019-07-27 09:40:16,22.632673,114.128838,9.519562373171128,306.1787024170424,1.2802861146849285
473,2019-07-27 09:40:17,22.632727,114.128758,10.799848487856057,307.7986367334215,1.0723188049925128
473,2019-07-27 09:40:18,22.63279,114.12867,11.872167292848568,309.196885457622,1.1472332741251066
473,2019-07-27 09:40:19,22.63286,114.128577,13.019400566973674,311.6184700196016,0.8966667467388731
473,2019-07-27 09:40:20,22.632942,114.128477,13.916067313712547,312.0777615698857,0.2259677076079693
473,2019-07-27 09:40:21,22.633027,114.128375,14.142035021320517,311.7998808157248,0.7534570752207888
473,2019-07-27 09:40:22,22.633112,114.128272,14.895492096541306,312.58264837191393,1.134300704385241
473,2019-07-27 09:40:23,22.633207,114.12816,16.029792800926547,315.19232438779784,0.9675561443150792
473,2019-07-27 09:40:24,22.633312,114.128047,16.997348945241626,316.8007632076791,0.4452565008471225
473,2019-07-27 09:40:25,22.633427,114.12793,17.44260544608875,318.0408314651582,-1.0315694499777806
473,2019-07-27 09:40:26,22.633543,114.127817,16.411035996110968,318.9688347220649,-1.7055033267359754
473,2019-07-27 09:40:27,22.633648,114.127718,14.705532669374993,320.70601322528285,-1.178551205086075
473,2019-07-27 09:40:28,22.633745,114.127632,13.526981464288918,321.2496871023753,-0.5926609562494356
473,2019-07-27 09:40:29,22.633837,114.127552,12.934320508039482,321.7031678024935,-0.399763866402159
473,2019-07-27 09:40:30,22.633927,114.127475,12.534556641637325,320.10057063152215,-0.0396254068911687
473,2019-07-27 09:40:31,22.634012,114.127398,12.494931234746154,318.998932826819,0.2977868754213943
473,2019-07-27 09:40:32,22.634098,114.127317,12.792718110167549,316.29031768232755,0.0285828687998197
473,2019-07-27 09:40:33,22.634182,114.12723,12.821300978967368,317.9728382531826,0.0094240341047822
473,2019-07-27 09:40:34,22.634267,114.127147,12.83072501307215,320.6336510220902,0.1138664104203215
473,2019-07-27 09:40:35,22.634357,114.127067,12.944591423492472,320.63366942583605,-0.1612047176665587
473,2019-07-27 09:40:36,22.634447,114.126987,12.783386705825912,322.4343687730263,-0.9299501286119636
473,2019-07-27 09:40:37,22.634537,114.126912,11.85343657721395,326.28827443848115,-0.6433235563357691
473,2019-07-27 09:40:38,22.63462,114.126852,11.21011302087818,324.5607997211483,-0.5117432721200874
473,2019-07-27 09:40:39,22.634703,114.126788,10.698369748758092,325.9079108601741,-1.1976009067172502
473,2019-07-27 09:40:40,22.634778,114.126733,9.500768842040843,326.5258591068563,-0.8287647644863263
473,2019-07-27 09:40:41,22.634845,114.126685,8.672004077554517,325.0204708606413,-0.5894347974041789
473,2019-07-27 09:40:42,22.634907,114.126638,8.082569280150338,323.43653361192463,-0.9162718754546272
473,2019-07-27 09:40:43,22.634963,114.126593,7.166297404695711,325.85864016307573,-1.0659841299376716
473,2019-07-27 09:40:44,22.635012,114.126557,6.100313274758039,324.23212987863417,-0.5864470079965454
473,2019-07-27 09:40:45,22.635053,114.126525,5.513866266761494,325.3078188580795,-0.7951219290716942
473,2019-07-27 09:40:46,22.635093,114.126495,4.7187443376898,325.9079756654449,-1.1127356850609171
473,2019-07-27 09:40:47,22.635123,114.126473,3.6060086526288826,320.00107985932857,-0.7474365519549848
473,2019-07-27 09:40:48,22.635145,114.126453,2.8585721006738978,322.43449060612016,-0.8413524792050318
473,2019-07-27 09:40:49,22.635163,114.126438,2.017219621468866,317.293791130495,-0.6948032355799716
473,2019-07-27 09:40:50,22.635173,114.126428,1.3224163858888944,298.44560322257126,-1.0916371297143646
473,2019-07-27 09:40:51,22.635178,114.126418,0.2307792561745297,305.8406957710288,0.0012160297697864
473,2019-07-27 09:41:23,22.635212,114.126367,0.2696922088076968,332.1922283877684,2.5419267022819576
473,2019-07-27 09:41:24,22.635233,114.126355,2.8116189110896546,333.437515549045,0.366053204394495
473,2019-07-27 09:41:25,22.635257,114.126342,3.1776721154841496,328.889750309442,0.8563861873876819
473,2019-07-27 09:41:26,22.635283,114.126325,4.034058302871832,331.2422480391249,0.683888785540228
473,2019-07-27 09:41:27,22.63532,114.126303,4.71794708841206,330.15538751302864,-0.1470631801924637
473,2019-07-27 09:41:28,22.635357,114.12628,4.570883908219596,332.192256097109,-0.4645256341423769
473,2019-07-27 09:41:29,22.635392,114.12626000000002,4.106358274077219,331.0230414202713,-0.5864094738290837
473,2019-07-27 09:41:30,22.635422,114.126242,3.519948800248135,333.5733098818259,-0.1466335235959412
473,2019-07-27 09:41:31,22.635448,114.126228,3.373315276652194,328.3954028873288,0.1992417190505921
473,2019-07-27 09:41:32,22.635475,114.12621,3.572556995702786,329.31768845600834,0.4872013644650583
473,2019-07-27 09:41:33,22.635503,114.126192,4.059758360167844,329.8796818933708,0.2910771645127745
473,2019-07-27 09:41:34,22.635538,114.12617,4.350835524680619,333.9583884750499,-0.0474663883134027
473,2019-07-27 09:41:35,22.635572,114.126152,4.303369136367216,332.1922930647739,-0.0171155470432946
473,2019-07-27 09:41:36,22.635607,114.126132,4.2862535893239215,338.41828060315737,-0.2597468043224973
473,2019-07-27 09:41:37,22.635642,114.126117,4.026506785001424,341.44692262323264,-0.3136617192446644
473,2019-07-27 09:41:38,22.635675,114.126105,3.71284506575676,339.73644811459866,0.3691929092255392
473,2019-07-27 09:41:39,22.635705,114.126093,4.082037974982299,336.38522203238034,0.5211856611222316
473,2019-07-27 09:41:40,22.635743,114.126075,4.603223636104531,333.48526674040386,-2.28443833627523e-07
473,2019-07-27 09:41:41,22.63578,114.126055,4.603223407660697,336.38523351135746,-0.1217373920127853
473,2019-07-27 09:41:42,22.635818,114.126037,4.481486015647912,340.74917875073265,-0.4027326942888374
473,2019-07-27 09:41:43,22.635855,114.126023,4.078753321359074,339.4461506228224,-0.747658333171294
473,2019-07-27 09:41:44,22.635887,114.12601,3.3310949881877803,345.5100012042414,-0.3644656976869043
473,2019-07-27 09:41:45,22.635912,114.126003,2.966629290500876,340.4557447140098,0.4333160294190969
473,2019-07-27 09:41:46,22.635938,114.125993,3.399945319919973,342.39730202205897,0.9096362250812406
473,2019-07-27 09:41:47,22.63597,114.125982,4.309581545001214,342.8991630297436,0.7219163411187504
473,2019-07-27 09:41:48,22.636012,114.125968,5.031497886119964,345.07026325872187,0.4700342546522744
473,2019-07-27 09:41:49,22.636057,114.125955,5.501532140772238,342.5776698786398,0.844131380404578
473,2019-07-27 09:41:50,22.636107,114.125938,6.345663521176816,339.89715543620144,0.80237853268802
473,2019-07-27 09:41:51,22.636165,114.125915,7.148042053864836,338.102968098999,0.5076501461797323
473,2019-07-27 09:41:52,22.636227,114.125888,7.655692200044569,338.61659775667704,0.456913621791494
473,2019-07-27 09:41:53,22.636293,114.12586,8.112605821836063,336.8270293198676,0.0596649562298665
473,2019-07-27 09:41:54,22.636362,114.125828,8.17227077806593,336.56258447786666,-6.424839558150097e-07
473,2019-07-27 09:41:55,22.636428,114.125797,8.172270135581973,336.8270496927432,0.0242256554953339
473,2019-07-27 09:41:56,22.636497,114.125765,8.196495791077307,339.8735644216354,-0.10641341443994
473,2019-07-27 09:41:57,22.636565,114.12573799999998,8.090082376637367,343.1295642353539,0.4458381049761772
473,2019-07-27 09:41:58,22.636635,114.125715,8.535920481613545,343.31844228089415,0.5916245146272523
473,2019-07-27 09:41:59,22.636712,114.12569,9.127544996240797,342.69818381552204,0.4940097384805906
473,2019-07-27 09:42:00,22.636792,114.125663,9.621554734721387,344.4090254125255,0.4538175194011966
473,2019-07-27 09:42:01,22.636878,114.125637,10.075372254122584,345.46555857250166,0.1892977904071457
473,2019-07-27 09:42:02,22.636967,114.12561200000002,10.26467004452973,346.1730124340806,0.244232589609215
473,2019-07-27 09:42:03,22.637057,114.125588,10.508902634138945,350.0806043816572,0.3706735114305086
473,2019-07-27 09:42:04,22.637152,114.12557,10.879576145569454,350.90383853753013,0.1483135838579645
473,2019-07-27 09:42:05,22.63725,114.125553,11.027889729427418,351.43072725274897,-0.1647842840620885
473,2019-07-27 09:42:06,22.637348,114.125537,10.86310544536533,350.6216315760253,-0.1880062390090202
473,2019-07-27 09:42:07,22.637443,114.12552,10.67509920635631,352.8016823005456,0.1251708238732725
473,2019-07-27 09:42:08,22.637538,114.125507,10.800270030229582,349.7524385313529,0.2905166662944562
473,2019-07-27 09:42:09,22.637635,114.125488,11.090786696524038,352.1178726924485,0.575498708134706
473,2019-07-27 09:42:10,22.637735,114.125473,11.666285404658744,352.6951857038461,0.7784372291324893
473,2019-07-27 09:42:11,22.637843,114.125458,12.444722633791232,352.6191425019465,0.4131463664824863
473,2019-07-27 09:42:12,22.637957,114.125442,12.85786900027372,351.32986156919804,0.3447640699924292
473,2019-07-27 09:42:13,22.638072,114.125423,13.202633070266147,352.1178985863444,0.5787723242875877
473,2019-07-27 09:42:14,22.638192,114.125405,13.781405394553737,353.72975774420985,0.4123092600806188
473,2019-07-27 09:42:15,22.638318,114.12539,14.193714654634356,350.9163447886006,0.2641973227402943
473,2019-07-27 09:42:16,22.638445,114.125368,14.45791197737465,351.52011377279206,0.024292540916349
473,2019-07-27 09:42:17,22.638575,114.125347,14.482204518291,349.70264279359094,-0.2107884604875991
473,2019-07-27 09:42:18,22.638702,114.125322,14.2714160578034,350.8454934030341,0.0845933720162044
473,2019-07-27 09:42:19,22.638828,114.1253,14.356009429819604,351.05491468671937,0.2443017319180871
473,2019-07-27 09:42:20,22.638957,114.125278,14.600311161737691,349.9353879918144,-0.1379605057554744
473,2019-07-27 09:42:21,22.639087,114.125253,14.462350655982217,349.62272433750616,-0.0454864341800309
473,2019-07-27 09:42:22,22.639213,114.125228,14.416864221802186,349.4622763723781,0.1282003709630235
473,2019-07-27 09:42:23,22.639342000000006,114.125202,14.54506459276521,348.9832473266193,-0.7399162700145663
473,2019-07-27 09:42:24,22.639470000000006,114.125175,13.805148322750645,340.90904947095044,1.1189801184272363
473,2019-07-27 09:42:25,22.639582,114.125133,14.92412844117788,4.087048534649568,3.983465906715858
473,2019-07-27 09:42:26,22.639737,114.125145,18.90759434789374,354.302027105803,0.9574061106711084
473,2019-07-27 09:42:27,22.639922,114.125125,19.865000458564847,355.98641313940755,-0.6137203437035907
473,2019-07-27 09:42:28,22.640093,114.12511200000002,19.251280114861256,354.245117019478,0.1342358342174634
473,2019-07-27 09:42:29,22.640267,114.125093,19.38551594907872,354.5148024128037,-0.2161570212255483
473,2019-07-27 09:42:30,22.64044,114.125075,19.16935892785317,353.803050567977,-0.2483239081603656
473,2019-07-27 09:42:31,22.64061,114.125055,18.921035019692805,352.7985890460013,-0.153294643143159
473,2019-07-27 09:42:32,22.640778,114.125032,18.767740376549646,353.0677584754045,-0.27584399256801
473,2019-07-27 09:42:33,22.640945,114.12501,18.49189638398164,352.5801300089239,-0.0903483920369367
473,2019-07-27 09:42:34,22.641108,114.124987,18.4015479919447,352.0394733750072,0.0620159383628227
473,2019-07-27 09:42:35,22.641273,114.124962,18.46356393030752,352.3079945657383,-0.1435382000349179
473,2019-07-27 09:42:36,22.641437,114.124938,18.320025730272604,353.5391745802035,-0.1166333169923454
473,2019-07-27 09:42:37,22.6416,114.124918,18.20339241328026,352.5348785240292,-0.2425248671661037
473,2019-07-27 09:42:38,22.641762,114.124895,17.960867546114155,351.6916514704007,-0.5026779165666966
473,2019-07-27 09:42:39,22.64192,114.12487,17.45818962954746,352.4405306701662,-0.4954394040479144
473,2019-07-27 09:42:40,22.642073,114.124848,16.962750225499544,351.1974650197326,-0.3924032241406898
473,2019-07-27 09:42:41,22.642222,114.124823,16.570347001358854,349.8948342585778,-0.4480001660076098
473,2019-07-27 09:42:42,22.642367,114.124795,16.122346835351244,348.8129969894252,-0.6351402434691984
473,2019-07-27 09:42:43,22.642507,114.124765,15.487206591882046,348.2402227431484,-0.8375738667018826
473,2019-07-27 09:42:44,22.64264,114.12473500000002,14.649632725180163,348.3195196675138,-0.5546662471415953
473,2019-07-27 09:42:45,22.642765,114.124707,14.094966478038568,347.72383295228946,-0.054383124282511
473,2019-07-27 09:42:46,22.642888,114.124678,14.040583353756055,348.2279614877339,-0.3466197143222711
473,2019-07-27 09:42:47,22.643012,114.12465,13.693963639433786,345.71603363985884,-0.3158518868402833
473,2019-07-27 09:42:48,22.643128,114.124618,13.378111752593504,341.786674898942,-0.1309507472616147
473,2019-07-27 09:42:49,22.643243,114.124577,13.247161005331888,338.2996230864944,-0.2988714956691307
473,2019-07-27 09:42:50,22.643352,114.12453,12.948289509662755,336.4746354135308,-0.1848893349034863
473,2019-07-27 09:42:51,22.643458,114.12448,12.763400174759273,337.1248642322355,0.153467432660511
473,2019-07-27 09:42:52,22.643563,114.124432,12.916867607419782,337.0543188329537,0.1321870261624429
473,2019-07-27 09:42:53,22.643672,114.124382,13.049054633582225,335.64129481412607,-0.1470925413606458
473,2019-07-27 09:42:54,22.643778,114.12433,12.90196209222158,333.9839067964484,-0.5008668996853576
473,2019-07-27 09:42:55,22.643882,114.124275,12.40109519253622,333.4389718410041,-1.1515121808444118
473,2019-07-27 09:42:56,22.643978,114.124223,11.24958301169181,333.4597279034833,-1.4220153558809103
473,2019-07-27 09:42:57,22.644063,114.124177,9.8275676558109,331.70346963914403,-0.9766175902029576
473,2019-07-27 09:42:58,22.644135,114.124135,8.850950065607941,329.2572546508758,-0.0813089016868069
473,2019-07-27 09:43:00,22.64427,114.124048,8.688332262234328,331.5029206460515,0.2829428565958309
473,2019-07-27 09:43:01,22.644338,114.124008,8.971275118830158,333.2279036734444,0.7104553886923757
473,2019-07-27 09:43:02,22.644413,114.123967,9.681730507522534,332.5644729551107,0.7062598221530667
473,2019-07-27 09:43:03,22.644493,114.123922,10.3879903296756,330.2595591610944,0.1767985268058431
473,2019-07-27 09:43:04,22.644577,114.12387,10.564788856481444,329.040806061684,-0.4081867047039225
473,2019-07-27 09:43:05,22.644657,114.123818,10.156602151777522,328.229195131447,-0.5237249160275592
473,2019-07-27 09:43:06,22.644733,114.123767,9.632877235749962,322.85198924201575,-0.9695179218903416
473,2019-07-27 09:43:07,22.6448,114.123712,8.66335931385962,316.2167217727766,-1.3728140614951858
473,2019-07-27 09:43:08,22.644852,114.123658,7.290545252364435,300.95582520211497,-0.3378481725750291
473,2019-07-27 09:43:09,22.644883,114.123602,6.952697079789406,283.0716298178359,-0.071352989337357
473,2019-07-27 09:43:10,22.644898,114.123532,6.881344090452049,251.2937415245057,0.6035579087433538
473,2019-07-27 09:43:11,22.644878,114.123468,7.484901999195403,244.68161599121788,1.3158412660927592
473,2019-07-27 09:43:12,22.644847,114.123397,8.800743265288162,235.4130079652598,1.1312390782873418
473,2019-07-27 09:43:13,22.644798,114.12332,9.931982343575504,231.1415680996175,0.6742305771114676
473,2019-07-27 09:43:14,22.64474,114.123242,10.606212920686971,228.6403748696309,0.4145770824948513
473,2019-07-27 09:43:15,22.644675,114.123162,11.020790003181824,230.90110122604608,0.2368362941899544
473,2019-07-27 09:43:16,22.644612,114.123078,11.257626297371775,230.68440202847825,0.7634862937965696
473,2019-07-27 09:43:17,22.644547,114.122992,12.021112591168349,231.97720082668968,1.0080974527324944
473,2019-07-27 09:43:18,22.644477,114.122895,13.02921004390084,233.3880404639024,0.782910369599346
473,2019-07-27 09:43:19,22.644405,114.12279,13.812120413500187,234.03629170306112,0.305532566541622
473,2019-07-27 09:43:20,22.64433,114.122678,14.11765298004181,233.5442307974801,-0.3137851819840147
473,2019-07-27 09:43:21,22.644255,114.122568,13.803867798057794,233.26966873331128,-0.651851798999532
473,2019-07-27 09:43:22,22.644182,114.122462,13.152015999058262,232.940502884704,-1.2545694404141194
473,2019-07-27 09:43:23,22.644113,114.122363,11.897446558644145,232.91266262272825,-1.3546563448849849
473,2019-07-27 09:43:24,22.644053,114.122277,10.542790213759158,233.98582337351928,-0.8808822438851518
473,2019-07-27 09:43:25,22.644,114.122198,9.661907969874006,235.82319572884035,-0.5674780231617564
473,2019-07-27 09:43:26,22.643953,114.122123,9.09442994671225,237.4523823492389,-0.2977063544829565
473,2019-07-27 09:43:27,22.64391,114.12205,8.796723592229293,233.1702746846293,0.2441344375859593
473,2019-07-27 09:43:28,22.643863,114.121982,9.040858029815253,235.26047463052777,0.8376642654058291
473,2019-07-27 09:43:29,22.643815,114.121907,9.878522295221082,239.1288143197172,1.179083477061429
473,2019-07-27 09:43:30,22.643767,114.12182,11.05760577228251,239.16102266797108,0.8605004335765187
473,2019-07-27 09:43:31,22.643713,114.121722,11.91810620585903,239.7043436092792,0.375248482021643
473,2019-07-27 09:43:32,22.643658,114.12162,12.293354687880672,244.69481346289007,0.1981263195757598
473,2019-07-27 09:43:33,22.64361,114.12151,12.491481007456432,242.4491980726052,-0.2239191006970511
473,2019-07-27 09:43:34,22.643558,114.121402,12.26756190675938,242.48397455262463,-0.2145289036625524
473,2019-07-27 09:43:35,22.643508,114.121298,12.053033003096829,252.44129235037565,0.3600829843257269
473,2019-07-27 09:43:36,22.643475,114.121185,12.413115987422556,259.92784838586533,0.2334030407567056
473,2019-07-27 09:43:37,22.643455,114.121063,12.64651902817926,260.8435757836905,0.1429274059055227
473,2019-07-27 09:43:38,22.643437,114.120942,12.789446434084784,267.5573686122078,0.658417925308731
473,2019-07-27 09:43:39,22.643432,114.120815,13.447864359393517,275.0454022968779,0.4759056713427583
473,2019-07-27 09:43:40,22.643443,114.12068,13.923770030736272,276.41117212777044,-0.3455002913897207
473,2019-07-27 09:43:41,22.643457,114.120545,13.578269739346553,276.27986699107214,-0.4673460353237093
473,2019-07-27 09:43:42,22.64347,114.120417,13.110923704022843,279.83524490670976,-0.5102255268120874
473,2019-07-27 09:43:43,22.64349,114.120292,12.600698177210756,284.7787093182367,-1.3133153732280078
473,2019-07-27 09:43:44,22.643518,114.120177,11.287382803982748,281.74716101100995,-0.9489999550459648
473,2019-07-27 09:43:45,22.643537,114.120078,10.338382848936783,282.4689888248158,-0.3386941986329432
473,2019-07-27 09:43:46,22.643557,114.11998,9.99968865030384,283.25431292719696,-0.385735487524899
473,2019-07-27 09:43:47,22.643577,114.119888,9.61395316277894,289.0219819554965,0.1007865708043738
473,2019-07-27 09:43:48,22.643605,114.1198,9.714739733583317,301.5316251265334,0.0316144744612554
473,2019-07-27 09:43:49,22.643652,114.119717,9.74635420804457,300.21621849697647,-0.4273935974206022
473,2019-07-27 09:43:50,22.643695,114.119637,9.318960610623968,297.52797700632885,-0.3448448111242133
473,2019-07-27 09:43:51,22.643733,114.119558,8.974115799499755,304.47892186512007,-0.3355161483929105
473,2019-07-27 09:43:52,22.643778,114.119487,8.638599651106844,305.43440116354606,-0.7950596950015534
473,2019-07-27 09:43:53,22.643822,114.11942,7.843539956105291,308.9283989177168,-0.0753072668597347
473,2019-07-27 09:43:54,22.643863,114.119365,7.768232689245556,317.295612872118,0.0308538568184753
473,2019-07-27 09:43:55,22.643918,114.11931,7.799086546064031,318.48330290555293,-0.5715543216861265
473,2019-07-27 09:43:56,22.643967,114.119263,7.227532224377905,322.11195590827174,-0.3021985752453311
473,2019-07-27 09:43:57,22.644018,114.11922,6.925333649132574,318.59106210754857,-0.424457772285443
473,2019-07-27 09:43:58,22.644063,114.119177,6.500875876847131,314.5676924639128,-0.6495680297781945
473,2019-07-27 09:43:59,22.644103,114.119133,5.851307847068936,316.4904088997673,-0.6409109547615222
473,2019-07-27 09:44:00,22.644138,114.119097,5.210396892307414,314.73092935771604,-0.7921049369925495
473,2019-07-27 09:44:01,22.64417000000001,114.119062,4.4182919553148645,317.29566781163345,-1.267415878909388
473,2019-07-27 09:44:02,22.644195,114.119037,3.1508760764054764,322.4363146652223,-1.262488541034128
473,2019-07-27 09:44:03,22.644213,114.119022,1.8883875353713484,254.08512708938625,-1.8364801398828547
473,2019-07-27 09:44:04,22.644208,114.119003,0.0519073954884937,17.09987458524222,0.0011954264222347
473,2019-07-27 09:44:38,22.644223,114.119008,0.0925518938444736,332.19377778752227,1.6661480549469172
473,2019-07-27 09:44:39,22.644237,114.119,1.7586999487913908,312.5155121612463,-0.1122832157923083
473,2019-07-27 09:44:40,22.644248,114.118987,1.6464167329990824,291.1551156860004,0.1017187074173942
473,2019-07-27 09:44:41,22.644253,114.118973,1.7481354404164766,260.76850777694654,0.4964837095970056
473,2019-07-27 09:44:42,22.64425,114.118953,2.2446191500134822,224.33939384344015,0.5522107008239607
473,2019-07-27 09:44:43,22.644233,114.118935,2.796829850837443,203.8932685487993,0.6043057094766096
473,2019-07-27 09:44:44,22.644208,114.118923,3.4011355603140525,169.8262510995405,0.7654624804100627
473,2019-07-27 09:44:45,22.644172,114.11893,4.166598040724115,149.15521231279922,0.5357847046254669
473,2019-07-27 09:44:46,22.644138,114.118952,4.702382745349582,140.73612040139847,0.5124327094380563
473,2019-07-27 09:44:47,22.644103,114.118983,5.214815454787638,132.5154697070534,0.4801491725937934
473,2019-07-27 09:44:48,22.644070000000006,114.119022,5.694964627381432,135.1212522996887,0.5344448108116122
473,2019-07-27 09:44:49,22.644032,114.11906299999998,6.229409438193044,135.96519666418476,0.3024964026481909
473,2019-07-27 09:44:50,22.64399,114.119107,6.531905840841235,135.32156371693486,0.0756267683851286
473,2019-07-27 09:44:51,22.643948,114.119152,6.607532609226364,135.99546031699276,0.1556267429690363
473,2019-07-27 09:44:52,22.643905,114.119197,6.7631593521954,136.66746078686737,0.1512942573318678
473,2019-07-27 09:44:53,22.64386,114.119243,6.914453609527268,136.05204959437276,-0.0472641456733748
473,2019-07-27 09:44:54,22.643815,114.11929,6.867189463853893,133.47336404211842,-0.0796424088536094
473,2019-07-27 09:44:55,22.643773,114.11933799999998,6.787547055000283,130.9193026859857,-0.2154548090946724
473,2019-07-27 09:44:56,22.643733,114.119388,6.572092245905611,127.73784894595671,-0.3744615522522316
473,2019-07-27 09:44:57,22.643698,114.119437,6.197630693653379,130.12212437798166,-0.299217997745683
473,2019-07-27 09:44:58,22.643663,114.119482,5.898412695907696,126.73858791916588,0.0083517605222702
473,2019-07-27 09:44:59,22.643632,114.119527,5.906764456429967,122.14696721726165,0.1106109133837049
473,2019-07-27 09:45:00,22.643603,114.119577,6.017375369813672,118.91550148930156,0.2223264422303925
473,2019-07-27 09:45:01,22.643577,114.119628,6.239701812044064,119.73977613153085,0.2334061148868089
473,2019-07-27 09:45:02,22.643548000000006,114.119683,6.473107926930873,118.88156382076396,-0.1513631571803957
473,2019-07-27 09:45:03,22.64352,114.11973799999998,6.321744769750477,116.63968282779734,-0.0300094181912493
473,2019-07-27 09:45:04,22.643495,114.119792,6.291735351559228,115.8136967108619,0.1176101249532175
473,2019-07-27 09:45:05,22.64347,114.119848,6.409345476512446,110.16800446981732,-0.0071829642940404
473,2019-07-27 09:45:06,22.64345,114.119907,6.402162512218405,110.48704988676344,-0.104529113272366
473,2019-07-27 09:45:07,22.64343,114.119965,6.297633398946039,107.61896078129496,0.0817044583662545
473,2019-07-27 09:45:08,22.643413,114.120023,6.379337857312294,102.79971705321748,0.1333911420676647
473,2019-07-27 09:45:09,22.6434,114.120085,6.512728999379958,101.8440345236653,0.0274926173364242
473,2019-07-27 09:45:10,22.643388,114.120147,6.540221616716383,100.71292400684796,0.2317396530600497
473,2019-07-27 09:45:11,22.643377,114.12021,6.771961269776432,99.18628243591944,0.3451768016298846
473,2019-07-27 09:45:12,22.643367,114.120277,7.117138071406317,98.7988779613367,0.3977119731411118
473,2019-07-27 09:45:13,22.643357,114.120347,7.514850044547429,97.40814961294114,0.3925703411344825
473,2019-07-27 09:45:14,22.643348,114.120422,7.907420385681911,96.34125118047626,-0.0125185276418946
473,2019-07-27 09:45:15,22.64334,114.1205,7.894901858040017,95.77458288531368,-0.0828102223193063
473,2019-07-27 09:45:16,22.643333,114.120575,7.81209163572071,90.80617908421216,0.0404118238571618
473,2019-07-27 09:45:17,22.643332,114.120652,7.852503459577872,91.63325407459212,-0.1035976573868655
473,2019-07-27 09:45:18,22.64333,114.120728,7.748905802191007,89.99998556230241,0.0513068384661909
473,2019-07-27 09:45:19,22.64333,114.120803,7.800212640657198,91.61205384576232,0.2574935848266095
473,2019-07-27 09:45:20,22.643328,114.12088,8.057706225483807,86.12583545333854,-0.1362250105449023
473,2019-07-27 09:45:21,22.643333,114.12096,7.921481214938905,78.2610939319967,-0.2306996659633204
473,2019-07-27 09:45:22,22.643347,114.121033,7.690781548975584,79.22278422806232,0.3613584178843645
473,2019-07-27 09:45:23,22.64336,114.121107,8.052139966859949,72.28135138812422,0.1247373153762012
473,2019-07-27 09:45:24,22.643383,114.121185,8.17687728223615,70.39279698955932,-0.1984242005104715
473,2019-07-27 09:45:25,22.643407,114.121258,7.978453081725679,73.88394903401723,0.3982945166694307
473,2019-07-27 09:45:26,22.643427,114.121333,8.37674759839511,67.63463233529637,0.1984317308771412
473,2019-07-27 09:45:27,22.643457,114.121412,8.57517932927225,59.89003349040104,-0.0548792053147604
473,2019-07-27 09:45:28,22.643495,114.121483,8.52030012395749,63.17688294280691,0.0191986892907412
473,2019-07-27 09:45:29,22.64353,114.121558,8.539498813248231,56.59377986253833,0.0164043694201119
473,2019-07-27 09:45:30,22.643572,114.121627,8.555903182668343,56.35260389279415,0.0428193631203388
473,2019-07-27 09:45:31,22.643615,114.121697,8.598722545788682,56.97159033209033,-0.2131545123104672
473,2019-07-27 09:45:32,22.643657,114.121767,8.385568033478215,54.367379290669646,-0.6644209793774438
473,2019-07-27 09:45:33,22.6437,114.121832,7.721147054100771,55.34729857130003,-0.559269013290046
473,2019-07-27 09:45:34,22.643737,114.12189,7.161878040810725,55.6150024200382,-0.1474895987613189
473,2019-07-27 09:45:35,22.643773,114.121947,7.014388442049406,55.89408403935363,0.2212903915449615
473,2019-07-27 09:45:36,22.643808,114.122003,7.235678833594368,54.84335554955163,0.4435766019846463
473,2019-07-27 09:45:37,22.643847,114.12206299999998,7.679255435579014,54.37752012770551,0.2464284521750936
473,2019-07-27 09:45:38,22.643888,114.122125,7.925683887754108,52.44144170915803,0.3585695299927476
473,2019-07-27 09:45:39,22.643932,114.122187,8.284253417746855,51.33527968570115,0.2241472737435579
473,2019-07-27 09:45:40,22.64398,114.122252,8.508400691490413,51.92232004890337,0.0536059840275466
473,2019-07-27 09:45:41,22.644027,114.122317,8.56200667551796,53.75961000226647,0.2889469156545754
473,2019-07-27 09:45:42,22.644073,114.122385,8.850953591172535,54.72819274651471,0.0514306344609867
473,2019-07-27 09:45:43,22.64412,114.122457,8.902384225633522,55.14078402995983,-0.2109006963595519
473,2019-07-27 09:45:44,22.644165,114.122527,8.69148352927397,56.352489796255895,-0.0927868946113523
473,2019-07-27 09:45:45,22.644208,114.122597,8.598696634662618,56.97147729826236,-0.2017652629086246
473,2019-07-27 09:45:46,22.64425,114.122667,8.396931371753993,55.413087949318935,-0.0113897950125245
473,2019-07-27 09:45:47,22.644292,114.122733,8.385541576741469,55.9711560074407,-0.1048150409339125
473,2019-07-27 09:45:48,22.644335,114.122802,8.280726535807556,56.30520734809352,-0.4957603281380258
473,2019-07-27 09:45:49,22.644375,114.122867,7.78496620766953,55.9812738151993,-0.4957593948719569
473,2019-07-27 09:45:50,22.644413,114.122928,7.289206812797573,56.36322916369568,-0.5693075211041467
473,2019-07-27 09:45:51,22.644448,114.122985,6.719899291693427,56.30518883463242,-0.4757179521239374
473,2019-07-27 09:45:52,22.64448,114.123037,6.244181339569489,54.15746348372113,-0.2739396720762457
473,2019-07-27 09:45:53,22.644512,114.123085,5.970241667493244,55.33173493465438,-0.3377776434782777
473,2019-07-27 09:45:54,22.644542,114.123132,5.632464024014966,54.79499137144626,-0.8433974232235384
473,2019-07-27 09:45:55,22.64457,114.123175,4.789066600791427,54.1574495324374,-1.2761238946745297
473,2019-07-27 09:45:56,22.644592000000006,114.123208,3.5129427061168976,59.59084651867073,-1.284139399755643
473,2019-07-27 09:45:57,22.644605,114.123232,2.2288033063612547,56.30516842434293,-0.9064416630843152
473,2019-07-27 09:45:58,22.644613,114.123245,1.3223616432769394,42.7042453787231,-0.5604081617017381
473,2019-07-27 09:45:59,22.64462,114.123252,0.7619534815752013,64.13883290302027,-0.0049537184457338
473,2019-07-27 09:46:05,22.644637,114.12329,0.7322311709007981,65.09128459633394,-0.6714079783139135
473,2019-07-27 09:46:06,22.64464,114.123297,0.0608231925868846,43.58389115792568,0.0002908247901917
473,2019-07-27 09:47:38,22.644672,114.12333,0.087579073284529,52.040746732917,3.5333496317674853
473,2019-07-27 09:47:39,22.64469,114.123355,3.6209287050520143,45.9482167818876,0.3395196253748236
473,2019-07-27 09:47:40,22.644715,114.123383,3.960448330426838,51.52975563322127,-0.1029355134236302
473,2019-07-27 09:47:41,22.644737,114.123413,3.857512817003208,51.88138374934363,-0.1243019040248252
473,2019-07-27 09:47:42,22.644758,114.123442,3.7332109129783824,43.871504751677776,0.1931903256264693
473,2019-07-27 09:47:43,22.644782,114.123467,3.926401238604852,34.40097046733655,0.3552919693194951
473,2019-07-27 09:47:44,22.644813,114.12349,4.281693207924347,27.806116538895537,-0.0013885493405609
473,2019-07-27 09:47:45,22.644848,114.12351,4.280304658583786,24.77117169549712,-0.2094452179604768
473,2019-07-27 09:47:46,22.644882,114.123527,4.070859440623309,22.758240959412436,-0.1836661576632301
473,2019-07-27 09:47:47,22.644915,114.123542,3.887193282960079,15.624670867636835,0.1891458450627072
473,2019-07-27 09:47:48,22.644948,114.123552,4.076339128022786,6.747952472748466,0.3158604742978097
473,2019-07-27 09:47:49,22.644987,114.123557,4.392199602320596,353.4192498164841,0.1724515525111698
473,2019-07-27 09:47:50,22.645027,114.123552,4.564651154831766,340.9097560469268,0.5726280154175969
473,2019-07-27 09:47:51,22.645067,114.123537,5.1372791702493625,328.1007977735152,0.6057417454865046
473,2019-07-27 09:47:52,22.64511,114.123508,5.743020915735867,324.69091795172926,0.4816944522041035
473,2019-07-27 09:47:53,22.645153,114.123475,6.224715367939971,319.2590627046128,0.6908465478597527
473,2019-07-27 09:47:54,22.645198,114.123433,6.915561915799724,320.2864458487253,0.7227254358680559
473,2019-07-27 09:47:55,22.645248,114.123388,7.638287351667779,319.44356788991666,0.595883829159936
473,2019-07-27 09:47:56,22.645303,114.123337,8.234171180827715,318.8357731685536,0.2121792116449405
473,2019-07-27 09:47:57,22.64536,114.123283,8.446350392472656,321.88690161211485,0.5390430109543711
473,2019-07-27 09:47:58,22.64542,114.123232,8.985393403427027,319.5719235344996,0.509450223389539
473,2019-07-27 09:47:59,22.645485,114.123172,9.494843626816566,319.57193694632093,0.429422544954237
473,2019-07-27 09:48:00,22.64555,114.123112,9.924266171770803,316.87885632019163,0.4816019172494616
473,2019-07-27 09:48:01,22.645618,114.123043,10.405868089020265,318.1226734526387,0.2680219142449473
473,2019-07-27 09:48:02,22.645688,114.122975,10.673890003265212,317.2959973661397,0.104196285340631
473,2019-07-27 09:48:03,22.64576,114.122903,10.778086288605843,316.89073990458326,0.2875345173338939
473,2019-07-27 09:48:04,22.64583,114.122832,11.065620805939735,315.03563901522466,-0.0398806194048528
473,2019-07-27 09:48:05,22.645903,114.122753,11.025740186534884,316.47927897673884,-0.3989736006326367
473,2019-07-27 09:48:06,22.645972,114.122682,10.626766585902248,317.7008679716004,-0.1513142951315451
473,2019-07-27 09:48:07,22.646043,114.12261200000002,10.475452290770702,316.45526020110043,-0.0547317134270155
473,2019-07-27 09:48:08,22.64611,114.122543,10.420720577343689,314.8415093143546,-0.0036001106401979
473,2019-07-27 09:48:09,22.646177,114.12247,10.417120466703487,315.6128573422069,-0.1873108481447687
473,2019-07-27 09:48:10,22.646243,114.1224,10.22980961855872,315.1755357943278,0.2268443388191041
473,2019-07-27 09:48:11,22.646308,114.12233,10.456653957377824,315.6841307188725,0.0839464844876403
473,2019-07-27 09:48:12,22.646377,114.122257,10.540600441865465,316.87902846788006,-0.2164740603732831
473,2019-07-27 09:48:13,22.646445,114.122188,10.324126381492182,317.2961535932394,0.2677544284790105
473,2019-07-27 09:48:14,22.646513,114.12212,10.591880809971192,317.2961689173114,0.186175471301766
473,2019-07-27 09:48:15,22.646585,114.122048,10.778056281272958,316.89091161493945,-2.6190233359812964e-06
473,2019-07-27 09:48:16,22.646655,114.121977,10.778053662249622,317.2961984432528,0.0756532137907264
473,2019-07-27 09:48:17,22.646727,114.121905,10.853706876040349,316.89661260304234,-0.1513141141016589
473,2019-07-27 09:48:18,22.646798,114.121833,10.70239276193869,317.296227584279,-0.1513139808019374
473,2019-07-27 09:48:19,22.646868,114.121763,10.551078781136752,316.88513582088893,0.0250342622151134
473,2019-07-27 09:48:20,22.646937,114.121693,10.576113043351866,315.2660982381532,0.0283758976042101
473,2019-07-27 09:48:21,22.647005,114.12162,10.604488940956076,314.84169601652815,-0.1439835442534569
473,2019-07-27 09:48:22,22.647072,114.121547,10.46050539670262,316.8791731381375,-0.1770524924645311
473,2019-07-27 09:48:23,22.64714,114.121478,10.283452904238088,316.87300412727814,-0.0350087054453052
473,2019-07-27 09:48:24,22.647207,114.12141,10.248444198792782,317.2963120398556,0.0350039808051576
473,2019-07-27 09:48:25,22.647275,114.121342,10.28344817959794,316.45551688436933,-0.0099031895132295
473,2019-07-27 09:48:26,22.647342,114.121273,10.27354499008471,315.61310031282846,-0.1155770108458895
473,2019-07-27 09:48:27,22.647408,114.121203,10.15796797923882,316.0060044963476,-0.0397915482447945
473,2019-07-27 09:48:28,22.647473,114.121135,10.118176430994026,315.1757923856354,-0.0396419144903159
473,2019-07-27 09:48:29,22.647538,114.121065,10.07853451650371,315.5620400406269,-0.3651647112950673
473,2019-07-27 09:48:30,22.647602,114.120997,9.713369805208645,317.7529847606681,-0.593714756399951
473,2019-07-27 09:48:31,22.647665,114.120935,9.119655048808692,317.29640431553224,-0.4192167146453798
473,2019-07-27 09:48:32,22.647723000000006,114.120877,8.700438334163312,317.2964160755547,-0.453937432435163
473,2019-07-27 09:48:33,22.64778,114.12082,8.24650090172815,317.2964264484539,-0.4886445281167111
473,2019-07-27 09:48:34,22.647832,114.120768,7.757856373611438,317.8614338224904,-0.4948855957714082
473,2019-07-27 09:48:35,22.647883,114.120718,7.26297077784003,316.66831627982504,-0.2547967482853579
473,2019-07-27 09:48:36,22.647928,114.120672,7.008174029554672,319.7170504481652,-0.135039542342966
473,2019-07-27 09:48:37,22.647977,114.120627,6.873134487211706,319.2596453209187,-0.352865150095643
473,2019-07-27 09:48:38,22.648022,114.120585,6.520269337116063,317.9677142238175,0.1027582311627668
473,2019-07-27 09:48:39,22.648065,114.120543,6.62302756827883,317.29648363118923,0.1047108475181222
473,2019-07-27 09:48:40,22.64811,114.120498,6.727738415796952,315.9963542829186,-0.2831072215140695
473,2019-07-27 09:48:41,22.648153,114.120453,6.444631194282882,321.44381031218245,-0.0154855990879205
473,2019-07-27 09:48:42,22.648197,114.120415,6.429145595194962,319.2596907115243,-0.8485881920746534
473,2019-07-27 09:48:43,22.648242,114.120373,5.5805574031203085,303.25836143510713,-1.2048407490391906
473,2019-07-27 09:48:44,22.648265,114.120335,4.375716654081118,326.44271869964376,-0.2361028130582037
473,2019-07-27 09:48:45,22.648297,114.120312,4.139613841022914,329.2300027410976,-0.3172128317804277
473,2019-07-27 09:48:46,22.648328,114.120292,3.8224010092424874,325.64275034358934,-0.4421562787606397
473,2019-07-27 09:48:47,22.648355,114.120272,3.380244730481847,321.4438455235112,-0.2027002947862493
473,2019-07-27 09:48:48,22.648377,114.120253,3.177544435695597,313.2961260963305,-0.1986277756430756
473,2019-07-27 09:48:49,22.648397,114.12023,2.978916660052522,310.9202767682159,-0.2898418219552843
473,2019-07-27 09:48:50,22.648413,114.12021,2.6890748380972376,325.3104218654154,-0.0299433593561895
473,2019-07-27 09:48:51,22.648433,114.120195,2.659131478741048,323.9231690191549,-0.383328200970384
473,2019-07-27 09:48:52,22.648452,114.12018,2.275803277770664,335.22939720350405,-0.41126746997345
473,2019-07-27 09:48:53,22.648468,114.120172,1.864535807797214,317.29655767105857,-0.07396027380523
473,2019-07-27 09:48:54,22.64848,114.12016,1.790575533991984,324.6286294112042,-0.0628568125644739
473,2019-07-27 09:48:55,22.648493,114.12015,1.72771872142751,322.43717971139114,0.0628566823176079
473,2019-07-27 09:48:56,22.648505,114.12014,1.790575403745118,319.572544311669,0.3776549227410368
473,2019-07-27 09:48:57,22.648518,114.120128,2.168230326486155,320.8437399771143,0.2060775369379746
473,2019-07-27 09:48:58,22.648535,114.120113,2.374307863424129,324.7880429936684,-0.0875382938361215
473,2019-07-27 09:48:59,22.648552,114.1201,2.286769569588008,317.29657602669704,0.0537161056607282
473,2019-07-27 09:49:00,22.648567,114.120085,2.340485675248736,313.713815726064,0.3074661724147147
473,2019-07-27 09:49:01,22.648582,114.120068,2.647951847663451,320.28713151767744,-0.1513116519524375
473,2019-07-27 09:49:02,22.648602,114.12005,2.4966401957110134,313.2006970068244,-0.3073824553016351
473,2019-07-27 09:49:03,22.648615,114.12003500000002,2.1892577404093783,317.29658911591946,-0.0380198650217478
473,2019-07-27 09:49:04,22.64863,114.12002,2.1512378753876304,302.5129645914081,-0.2644071263082941
473,2019-07-27 09:49:05,22.64864,114.120003,1.8868307490793363,319.7695612642686,-0.2146443482690088
473,2019-07-27 09:49:06,22.648652,114.119992,1.6721864008103275,320.0038554675557,0.1847915266948787
473,2019-07-27 09:49:07,22.648663,114.119982,1.8569779275052063,317.2965988224864,0.1857271531743938
473,2019-07-27 09:49:08,22.648677,114.119968,2.0427050806796,317.29660144111176,-0.0046629409502654
473,2019-07-27 09:49:09,22.64869,114.119955,2.0380421397293347,313.20071529540564,0.1633248837297074
473,2019-07-27 09:49:10,22.648703,114.11994,2.201367023459042,324.7880760436371,-8.932710837683545e-08
473,2019-07-27 09:49:11,22.64872,114.119927,2.2013669341319337,313.20072156618176,0.0612204344136331
473,2019-07-27 09:49:12,22.648733,114.119912,2.262587368545567,313.71385028992006,-0.0378869785011928
473,2019-07-27 09:49:13,22.648748,114.119895,2.224700390044374,310.92034786655825,0.038133542717611
473,2019-07-27 09:49:14,22.64876,114.11988,2.262833932761985,312.08101987050725,0.3766540433424823
473,2019-07-27 09:49:15,22.648775,114.119862,2.6394879761044674,312.6459169038908,0.0381256188504264
473,2019-07-27 09:49:16,22.648792,114.119842,2.677613594954894,310.54511481341973,-0.1505306423460313
473,2019-07-27 09:49:17,22.648807,114.119823,2.5270829526088625,312.0810296131623,0.0764095905884034
473,2019-07-27 09:49:18,22.648822,114.119805,2.603492543197266,317.2966330910706,0.3376182651354975
473,2019-07-27 09:49:19,22.64884,114.11978700000002,2.9411108083327635,309.0997783213269,0.605797864333022
473,2019-07-27 09:49:20,22.648858,114.119763,3.546908672665785,319.48543867525115,0.7139964126855274
473,2019-07-27 09:49:21,22.648885,114.11973799999998,4.260905085351313,321.0783797067612,0.356016531599459
473,2019-07-27 09:49:22,22.648917,114.11971,4.616921616950772,321.9372458041907,-0.2138184196822417
473,2019-07-27 09:49:23,22.64895,114.119682,4.40310319726853,323.56136098350805,-0.3751022527113807
473,2019-07-27 09:49:24,22.64898,114.119658,4.028000944557149,328.39792282868024,0.1208932079481019
473,2019-07-27 09:49:25,22.64901,114.119638,4.148894152505251,324.2083701958413,0.3738326163873102
473,2019-07-27 09:49:26,22.649042,114.119613,4.522726768892562,321.9372710943254,0.6658697191616119
473,2019-07-27 09:49:27,22.649075,114.119585,5.1885964880541735,321.07842060114166,0.3995351974203256
473,2019-07-27 09:49:28,22.649115,114.11955,5.588131685474499,318.8792130093236,-0.2922380217092106
473,2019-07-27 09:49:29,22.649152,114.119515,5.2958936637652885,315.61346764841755,-0.1279452555669982
473,2019-07-27 09:49:30,22.649185,114.11948,5.16794840819829,313.14132504404,0.1146143247422086
473,2019-07-27 09:49:31,22.649217,114.119443,5.282562732940499,316.491474280118,-0.0323681914541049
473,2019-07-27 09:49:32,22.649252,114.119407,5.250194541486394,315.61348851746453,0.2626093042391249
473,2019-07-27 09:49:33,22.649285,114.119372,5.512803845725519,315.82963932390453,0.6097036478222515
473,2019-07-27 09:49:34,22.64932300000001,114.119332,6.12250749354777,317.2967443654978,0.0812492082764544
473,2019-07-27 09:49:35,22.649365,114.11929,6.203756701824225,317.2967524843094,-0.1373189033941653
473,2019-07-27 09:49:36,22.649405,114.11925,6.06643779843006,320.1386260286049,0.0932879973090319
473,2019-07-27 09:49:37,22.649447,114.119212,6.159725795739091,320.0696999819195,0.1067671199639779
473,2019-07-27 09:49:38,22.64949,114.119173,6.266492915703069,331.02553774416043,0.1852575923376065
473,2019-07-27 09:49:39,22.64954,114.119143,6.451750508040676,345.71667886481987,0.30639518880586
473,2019-07-27 09:49:40,22.649598,114.119127,6.758145696846536,355.7435776751418,0.30571434634252
473,2019-07-27 09:49:41,22.64966,114.119122,7.063860043189056,0.8134364142028971,0.0327665263431384
473,2019-07-27 09:49:42,22.649725,114.119123,7.096626569532194,22.55282652517269,0.0999963906283047
473,2019-07-27 09:49:43,22.649785,114.11915,7.196622960160499,28.11542743462269,0.2523455608503155
473,2019-07-27 09:49:44,22.649842,114.119183,7.448968521010815,36.56048561177198,0.6427208380283309
473,2019-07-27 09:49:45,22.649898,114.119228,8.091689359039146,43.72433657715089,0.6292994386694826
473,2019-07-27 09:49:46,22.649953,114.119285,8.720988797708628,45.1094580779021,0.2628331216297308
473,2019-07-27 09:49:47,22.65001,114.119347,8.983821919338359,44.14550692719433,0.1908979829322401
473,2019-07-27 09:49:48,22.650068,114.119408,9.1747199022706,44.54954077981597,0.4225793216933926
473,2019-07-27 09:49:49,22.650128,114.119472,9.597299223963992,42.70308139706049,0.4367625010475038
473,2019-07-27 09:49:50,22.650193,114.119537,10.034061725011496,41.4363792719866,0.1244518134477701
473,2019-07-27 09:49:51,22.650262,114.119603,10.158513538459266,41.41735802904242,0.0080137099979857
473,2019-07-27 09:49:52,22.65033,114.119668,10.166527248457252,40.5949981004502,-0.0568216290107308
473,2019-07-27 09:49:53,22.6504,114.119733,10.10970561944652,43.56933873882701,-0.1341860064582416
473,2019-07-27 09:49:54,22.650465,114.1198,9.97551961298828,43.56932520717055,-0.1512951945845557
473,2019-07-27 09:49:55,22.65053,114.119867,9.824224418403723,43.59641416109241,-0.1109544231812496
473,2019-07-27 09:49:56,22.650593,114.119932,9.713269995222474,43.14597740318072,0.0115314618665198
473,2019-07-27 09:49:57,22.650657,114.119997,9.724801457088994,41.81178870260442,-0.0201163530994374
473,2019-07-27 09:49:58,22.650722,114.12006,9.704685103989556,40.92324636914793,0.101639078496289
473,2019-07-27 09:49:59,22.650788,114.120122,9.806324182485843,39.20995067444903,0.0241509099676573
473,2019-07-27 09:50:00,22.650857,114.120183,9.830475092453502,42.26048718011288,-0.1257961623005101
473,2019-07-27 09:50:01,22.650922,114.120247,9.704678930152992,40.46263564333958,0.0359143249848212
473,2019-07-27 09:50:02,22.650988,114.120308,9.740593255137814,38.746808083821634,0.1084311367924044
473,2019-07-27 09:50:03,22.651057,114.120368,9.849024391930218,37.877378518503406,-0.0680609824539217
473,2019-07-27 09:50:04,22.651127,114.120427,9.780963409476296,35.560841979952784,0.0015085064242672
473,2019-07-27 09:50:05,22.651198,114.120482,9.782471915900564,33.46356647810603,0.1273753558458796
473,2019-07-27 09:50:06,22.651272,114.120535,9.909847271746443,33.11070936299643,-0.0746294213888312
473,2019-07-27 09:50:07,22.651347,114.12058799999998,9.835217850357612,33.320246575581336,-0.0928400580465567
473,2019-07-27 09:50:08,22.65142,114.12064,9.742377792311055,33.823066258237986,0.0928368764058671
473,2019-07-27 09:50:09,22.651493,114.120693,9.835214668716922,32.6132382208408,0.1492694094318221
473,2019-07-27 09:50:10,22.651568,114.120745,9.984484078148745,34.08882354846628,0.2194970332281904
473,2019-07-27 09:50:11,22.651643,114.1208,10.203981111376937,28.378467059599476,0.1113331606373329
473,2019-07-27 09:50:12,22.651725,114.120848,10.315314272014268,29.975872228186915,0.0251063810337051
473,2019-07-27 09:50:13,22.651805,114.120898,10.340420653047971,28.87524884863228,-0.2214698442209712
473,2019-07-27 09:50:14,22.651887,114.120947,10.118950808827002,28.03172716170013,-0.4109686624967796
473,2019-07-27 09:50:15,22.651965,114.120992,9.707982146330222,25.32641054605688,-0.0118896249568685
473,2019-07-27 09:50:16,22.652043,114.121032,9.696092521373354,24.770021459335567,0.0846310108779899
473,2019-07-27 09:50:17,22.652123,114.121072,9.780723532251343,28.868771824873363,0.0467210716371138
473,2019-07-27 09:50:18,22.6522,114.121118,9.827444603888456,25.85023631185817,0.1639660273601251
473,2019-07-27 09:50:19,22.65228,114.12116,9.991410631248582,23.97715999370655,0.3129871738902334
473,2019-07-27 09:50:20,22.652363,114.1212,10.304397805138816,22.99163485107141,0.2654291896981693
473,2019-07-27 09:50:21,22.65245,114.12124,10.569826994836983,24.518910711273406,0.1940322755188397
473,2019-07-27 09:50:22,22.652537,114.121283,10.763859270355823,23.299925697288074,0.0508517665811343
473,2019-07-27 09:50:23,22.652627,114.121325,10.81471103693696,24.272570101571034,-0.0409739811202154
473,2019-07-27 09:50:24,22.652715,114.121368,10.773737055816744,22.301380859891022,0.0889184900927997
473,2019-07-27 09:50:25,22.652805,114.121408,10.862655545909544,20.362317446492284,-0.002961147912627
473,2019-07-27 09:50:26,22.652897,114.121445,10.859694397996916,20.56742216210569,-0.225583556376403
473,2019-07-27 09:50:27,22.652988,114.121482,10.634110841620512,17.09883586105184,-0.3230710274164021
473,2019-07-27 09:50:28,22.653078,114.121512,10.311039814204111,17.652383449532522,-0.2959352623332076
473,2019-07-27 09:50:29,22.653165,114.121542,10.015104551870904,16.90919389174485,-0.4441073395722412
473,2019-07-27 09:50:30,22.65325,114.12157,9.570997212298662,20.736965839227423,-0.2806018869949795
473,2019-07-27 09:50:31,22.653328,114.121602,9.290395325303685,19.313010507268583,-0.2225092772418282
473,2019-07-27 09:50:32,22.653407,114.121632,9.067886048061856,16.886686292852517,-0.6144932749897833
473,2019-07-27 09:50:33,22.653483,114.121657,8.453392773072071,15.475025054141042,-0.6301941212557969
473,2019-07-27 09:50:34,22.653553,114.121678,7.823198651816274,17.34615728845432,-0.4701017119210542
473,2019-07-27 09:50:35,22.653618,114.1217,7.35309693989522,14.998659789011242,0.0587124980281199
473,2019-07-27 09:50:36,22.65368,114.121718,7.41180943792334,10.757877825568642,-0.0325706100468625
473,2019-07-27 09:50:37,22.653748,114.121732,7.379238827876478,12.58599722692577,-0.7381290671107879
473,2019-07-27 09:50:38,22.65381,114.121747,6.64110976076569,19.20040262443013,-0.4359190738840794
473,2019-07-27 09:50:39,22.653863,114.121767,6.20519068688161,20.43985512788305,0.0531109583172382
473,2019-07-27 09:50:40,22.653915,114.121788,6.2583016451988485,33.936998480701504,0.3375406484676979
473,2019-07-27 09:50:41,22.653963,114.121823,6.595842293666546,39.51145354834944,0.1627024463092086
473,2019-07-27 09:50:42,22.65401,114.121865,6.758544739975755,49.0785556437736,0.3414193067383317
473,2019-07-27 09:50:43,22.65405,114.121915,7.099964046714087,58.54538726236018,0.271724967258061
473,2019-07-27 09:50:44,22.654085,114.121977,7.371689013972148,65.7668993549122,0.3027139307439244
473,2019-07-27 09:50:45,22.654112,114.122042,7.674402944716072,87.70173993687831,0.4512947210512026
473,2019-07-27 09:50:46,22.654115,114.122123,8.125697665767275,84.37396368181044,-0.1401907573910863
473,2019-07-27 09:50:47,22.654122,114.1222,7.9855069083761885,85.23516076909345,0.1401901675860388
473,2019-07-27 09:50:48,22.654128,114.122278,8.125697075962227,86.8987213167502,0.0865847268775787
473,2019-07-27 09:50:49,22.654132,114.122358,8.212281802839806,89.99998459258791,-0.0028236120840112
473,2019-07-27 09:50:50,22.654132,114.122438,8.209458190755795,89.2239581638861,-0.0497913751038954
473,2019-07-27 09:50:51,22.654133,114.122518,8.1596668156519,88.428583679788,-0.2020797151515427
473,2019-07-27 09:50:52,22.654135,114.122597,7.957587100500357,87.55071865350561,-0.2051032751364871
473,2019-07-27 09:50:53,22.654138,114.122673,7.752483825363869,88.3448217681314,0.1497204762439574
473,2019-07-27 09:50:54,22.65414,114.122748,7.902204301607827,89.99998478499299,0.4096810441456915
473,2019-07-27 09:50:55,22.65414,114.122827,8.311885345753518,89.99998401463728,0.7198514162427898
473,2019-07-27 09:50:56,22.65414,114.12291,9.031736761996308,92.00193839478584,0.5668733824032373
473,2019-07-27 09:50:57,22.654137,114.123003,9.598610144399546,91.3207247720361,-0.0040262333312526
473,2019-07-27 09:50:58,22.654135,114.123097,9.594583911068291,88.66504278877403,-0.0472600652396604
473,2019-07-27 09:50:59,22.654137,114.12319,9.547323845828632,87.99802578528164,-0.1415258708554105
473,2019-07-27 09:51:00,22.65414,114.123283,9.405797974973222,85.18246313227417,0.0965847305889617
473,2019-07-27 09:51:01,22.654147,114.123373,9.502382705562184,89.34647406994941,0.348897016220814
473,2019-07-27 09:51:02,22.654148,114.123468,9.851279721782998,89.99998131996688,-0.1027727851864419
473,2019-07-27 09:51:03,22.654148,114.123565,9.748506936596556,89.99998208989587,-0.3584971875921532
473,2019-07-27 09:51:04,22.654148,114.123658,9.390009749004404,88.62056216980307,-0.3078252701137529
473,2019-07-27 09:51:05,22.65415,114.123748,9.08218447889065,89.99998324475564,-0.1539121876951519
473,2019-07-27 09:51:06,22.65415,114.123835,8.928272291195498,88.57301584897675,-0.1026078075621015
473,2019-07-27 09:51:07,22.654152,114.123922,8.825664483633396,89.99998363109239,-0.1033164261609034
473,2019-07-27 09:51:08,22.654152,114.124007,8.722348057472493,89.99998363109239,0.0001771594270838
473,2019-07-27 09:51:09,22.654152,114.124092,8.722525216899577,89.26960060765185,0.0014173364667957
473,2019-07-27 09:51:10,22.654153,114.124177,8.723942553366372,88.53945487595456,0.1551145861969747
473,2019-07-27 09:51:11,22.654155,114.12426200000002,8.879057139563347,88.58922454568147,0.1013793108294756
473,2019-07-27 09:51:12,22.654157,114.12435,8.980436450392823,89.2863888572644,0.5173899258921839
473,2019-07-27 09:51:13,22.654158,114.124437,9.497826376285008,86.83555340690549,0.5226548115608853
473,2019-07-27 09:51:14,22.654163,114.124535,10.020481187845892,86.80299784349302,-0.2591422533514684
473,2019-07-27 09:51:15,22.654168,114.124632,9.761338934494423,87.33155059076341,-0.2154743950454243
473,2019-07-27 09:51:16,22.654172,114.124725,9.545864539449,89.9999820898928,-0.3077612007165893
473,2019-07-27 09:51:17,22.654172,114.124818,9.23810333873241,92.85215041149968,-0.3020458017656491
473,2019-07-27 09:51:18,22.654168,114.124905,8.93605753696676,92.13988171876213,0.0538389761521695
473,2019-07-27 09:51:19,22.654165,114.124992,8.98989651311893,93.52314516573917,0.018033824667837
473,2019-07-27 09:51:20,22.65416,114.12508,9.007930337786767,95.69025119702552,-0.2458045902775829
473,2019-07-27 09:51:21,22.654152,114.125167,8.762125747509184,95.2216412365044,-0.3723634780231268
473,2019-07-27 09:51:22,22.654145,114.12525,8.389762269486058,93.87443786886767,-0.8466765330629551
473,2019-07-27 09:51:23,22.65414,114.12533,7.5430857364231025,87.22219917051916,-0.7704384171773437
473,2019-07-27 09:51:24,22.654143,114.125397,6.772647319245759,92.86310571154218,-0.3068915854470768
473,2019-07-27 09:51:25,22.65414,114.125462,6.465755733798682,84.92429818646048,-0.4810776629558884
473,2019-07-27 09:51:26,22.654145,114.125523,5.984678070842794,75.37922317669387,-0.4473568115522859
473,2019-07-27 09:51:27,22.654158,114.125577,5.537321259290508,89.99998979129401,-0.976587239219894
473,2019-07-27 09:51:28,22.654158,114.12563,4.560734020070614,50.89913333867514,-0.8457019040967948
473,2019-07-27 09:51:29,22.654182,114.125662,3.715032115973819,56.30332057440296,-0.1013760106751782
473,2019-07-27 09:51:30,22.654198,114.12568799999998,3.6136561052986407,27.280523372253583,0.3491996779590005
473,2019-07-27 09:51:31,22.654232,114.125707,3.962855783257641,24.769682694253845,-0.4727439921289447
473,2019-07-27 09:51:32,22.654262,114.125722,3.4901117911286965,8.744004849120529,-0.5274089976759915
473,2019-07-27 09:51:33,22.654292,114.125727,2.962702793452705,2.297687147642307,-0.0915245868150997
473,2019-07-27 09:51:34,22.654315,114.125728,2.8711782066376053,332.85615636805466,-0.8611774510786603
473,2019-07-27 09:51:35,22.654342,114.125713,2.010000755558945,351.2559985157798,-0.2674915636727895
473,2019-07-27 09:51:36,22.654348,114.125712,1.7425091918861555,12.488430710680973,1.5477574601003543
473,2019-07-27 09:51:37,22.654373,114.125718,3.29026665198651,358.4452312109743,0.5866264018787937
473,2019-07-27 09:51:38,22.654407,114.125717,3.876893053865304,318.26438640179447,0.6855517361713459
473,2019-07-27 09:51:39,22.654437,114.12568799999998,4.56244479003665,308.046896211465,-0.1114772253573859
473,2019-07-27 09:51:40,22.654463,114.125652,4.450967564679264,301.76594623643933,0.0032130475224656
473,2019-07-27 09:51:41,22.654483,114.125617,4.454180612201729,293.6823887978987,1.4625355721551625
473,2019-07-27 09:51:42,22.6545,114.125575,5.916716184356892,294.9103002910249,3.1994653349406725
473,2019-07-27 09:51:43,22.654527,114.125512,9.116181519297564,298.70101536784733,3.256160299889329
473,2019-07-27 09:51:44,22.654575,114.125417,12.372341819186891,300.9146986190787,-0.3287058247473258
473,2019-07-27 09:51:45,22.654638,114.125303,12.043635994439567,288.3515602530121,-2.935354239322976
473,2019-07-27 09:51:46,22.654668,114.125205,9.108281755116591,281.7398482504981,-0.6733836348111826
473,2019-07-27 09:51:47,22.654682,114.125132,8.434898120305409,291.7966324424456,-0.9161943860634194
473,2019-07-27 09:51:48,22.654713,114.125048,7.518703734241989,289.16605304367545,-1.1229859456742366
473,2019-07-27 09:51:49,22.65473,114.124995,6.395717788567753,313.159659163528,0.0142298518348864
473,2019-07-27 09:51:50,22.654775,114.124943,6.409947640402639,311.7959966880777,-1.8706962111285657
473,2019-07-27 09:51:51,22.654808,114.124903,4.539251429274073,325.64401019947155,-1.1157754259389696
473,2019-07-27 09:51:52,22.654835,114.124883,3.423476003335104,7.959748715957403,1.6140015489428805
473,2019-07-27 09:51:53,22.654868,114.12488799999998,5.037477552277984,27.23313824306109,1.0642721985752228
473,2019-07-27 09:51:54,22.65492,114.124917,6.101749750853207,21.032606237955747,-0.7744588580074154
473,2019-07-27 09:51:55,22.654968,114.12493700000002,5.327290892845792,5.85452603924125,-0.3788506601404657
473,2019-07-27 09:51:56,22.655013,114.124942,4.948440232705326,355.20442384004434,0.0039882393084651
473,2019-07-27 09:51:57,22.655057,114.124938,4.952428472013791,0.0,-0.0574310583638917
473,2019-07-27 09:51:58,22.655102,114.124938,4.894997413649899,356.3161428244869,-0.1514211439679798
473,2019-07-27 09:51:59,22.655145,114.124935,4.74357626968192,353.7305217682086,0.2770022728074064
473,2019-07-27 09:52:00,22.655187,114.12493,5.020578542489326,356.69898237812595,-0.9461037365553704
473,2019-07-27 09:52:01,22.655235,114.124927,4.074474805933956,351.6007227437161,0.6615251756769949
473,2019-07-27 09:52:02,22.65526,114.124923,4.73599998161095,25.15073321606809,2.0895507784015805
473,2019-07-27 09:52:03,22.655317,114.124952,6.825550760012531,20.75785535258205,-0.5998716724413162
473,2019-07-27 09:52:04,22.655373,114.124975,6.225679087571215,353.301180628007,0.6834655015417042
473,2019-07-27 09:52:05,22.655428,114.124968,6.909144589112919,338.3206938487651,0.9535591230921644
473,2019-07-27 09:52:06,22.655493,114.12494,7.862703712205083,339.600356842778,0.2010499808023267
473,2019-07-27 09:52:07,22.65556,114.124913,8.06375369300741,356.4794610273827,0.57231446720745
473,2019-07-27 09:52:08,22.655635,114.124908,8.63606816021486,356.04071815378006,0.1077996466756996
473,2019-07-27 09:52:09,22.655715,114.124902,8.74386780689056,357.25536967600607,-0.5128842699087954
473,2019-07-27 09:52:10,22.655792,114.124898,8.230983536981764,0.0,-0.4471695732689555
473,2019-07-27 09:52:11,22.655863,114.124898,7.783813963712808,359.2337481641416,-0.785814525027452
473,2019-07-27 09:52:12,22.655932,114.124897,6.997999438685357,346.1155087733065,-0.2695304209936902
473,2019-07-27 09:52:13,22.655988,114.124882,6.728469017691666,358.34813022437976,0.1846820226065411
473,2019-07-27 09:52:14,22.656052,114.12488,6.913151040298208,352.98533075687175,0.9427994955757386
473,2019-07-27 09:52:15,22.656112,114.124872,7.855950535873946,325.56807759116214,-0.7407465631267343
473,2019-07-27 09:52:16,22.656182,114.12482,7.115203972747212,325.502560872388,-0.6137393643459514
473,2019-07-27 09:52:19,22.656323,114.124715,5.2739858797093575,323.56282745889854,-3.3116001329877136
473,2019-07-27 09:52:20,22.656338,114.124703,1.962385746721644,305.84487685550823,-0.0217193046082182
473,2019-07-27 09:52:21,22.656348,114.124688,1.9406664421134256,304.1083421463072,0.6436114070178722
473,2019-07-27 09:52:22,22.656358,114.124672,2.584277849131298,306.38511075788944,0.0799148738900608
473,2019-07-27 09:52:23,22.656375,114.124647,2.6641927230213587,0.0,0.6140161053291773
473,2019-07-27 09:52:24,22.6564,114.124647,3.278208828350536,42.701787762324216,2.131282489522241
473,2019-07-27 09:52:25,22.656428,114.124675,5.409491317872777,57.76975238109543,-0.1771423502601807
473,2019-07-27 09:52:26,22.65646,114.12473,5.232348967612596,54.15509511712105,-1.415171368124886
473,2019-07-27 09:52:27,22.65648,114.12476,3.81717759948771,48.32713249454679,0.1742562293427543
473,2019-07-27 09:52:28,22.656503,114.124788,3.991433828830465,32.39292060675302,0.2947050773730373
473,2019-07-27 09:52:29,22.656535,114.12481,4.286138906203502,17.521172677680738,-0.2193432119282787
473,2019-07-27 09:52:30,22.656573,114.124823,4.066795694275223,16.086736291883028,-0.2163218725578137
473,2019-07-27 09:52:31,22.656605,114.124833,3.850473821717409,13.349322279616215,-0.1764541036250295
473,2019-07-27 09:52:32,22.65664,114.124842,3.67401971809238,83.55984976212426,3.878947629956185
473,2019-07-27 09:52:33,22.656645,114.12489,7.552967348048565,125.06470348285715,1.919275715899616
473,2019-07-27 09:52:34,22.656588,114.124978,9.47224306394818,108.38220082580848,-1.229605706133592
473,2019-07-27 09:52:35,22.656565,114.125053,8.242637357814589,109.38315939350592,-0.0524799158304603
473,2019-07-27 09:52:36,22.65654,114.12513,8.190157441984129,106.11748134998948,-0.4280707475777419
473,2019-07-27 09:52:37,22.65652,114.125205,7.762086694406387,101.07029150380868,-0.8294941227732071
473,2019-07-27 09:52:38,22.656507,114.125277,6.93259257163318,99.08348830350884,-0.6857824784361286
473,2019-07-27 09:52:39,22.656498000000006,114.125338,6.246810093197051,100.4072182753132,-0.2878532048759776
473,2019-07-27 09:52:40,22.656488,114.125397,5.958956888321073,95.52626822237367,-0.3999724162812361
473,2019-07-27 09:52:41,22.656483,114.125453,5.558984472039837,93.57727519002329,-0.7901044617209356
473,2019-07-27 09:52:42,22.65648,114.125505,4.7688800103189015,94.98288589750324,-0.2104654116138364
473,2019-07-27 09:52:44,22.656473,114.125592,4.347949187091229,86.89867615650547,0.0220018415124192
473,2019-07-27 09:52:45,22.656475,114.125632,4.369951028603648,85.86803795147927,-0.0937183657218527
473,2019-07-27 09:52:46,22.656478,114.125677,4.276232662881795,83.49264684080646,-0.5308172568175364
473,2019-07-27 09:52:47,22.656482,114.125715,3.7454154060642586,97.05970218894272,-0.5955253301187362
473,2019-07-27 09:52:48,22.656478,114.12575,3.1498900759455224,109.12444692003396,-1.2266133168575093
473,2019-07-27 09:52:49,22.65647,114.125775,1.923276759088013,169.54281485027832,0.2091721897479848
473,2019-07-27 09:52:50,22.656455,114.125778,2.132448948835998,147.1382719115055,0.3391449823073995
473,2019-07-27 09:52:51,22.656435,114.125792,2.471593931143397,150.57906592136374,0.1412063204189793
473,2019-07-27 09:52:52,22.656417,114.125803,2.6128002515623767,97.26515010588736,0.5625033018041994
473,2019-07-27 09:52:53,22.656413,114.125837,3.175303553366576,112.62527108811076,0.0014688700137734
473,2019-07-27 09:52:54,22.656403,114.125863,3.1767724233803496,108.70772373724844,-0.021655673087725
473,2019-07-27 09:52:55,22.656393,114.125895,3.1551167502926245,103.5393177619639,-0.4154561044165263
473,2019-07-27 09:52:56,22.656387,114.125922,2.739660645876098,89.99999499487274,-0.6866239324210572
473,2019-07-27 09:52:57,22.656387,114.125948,2.053036713455041,85.57404110589374,-1.970844148274606
473,2019-07-27 09:52:58,22.656388,114.12596200000002,0.0821925651804348,81.45773093308321,7.795103898278258e-05
473,2019-07-27 09:55:22,22.656402,114.126063,0.0934175147939555,87.93132899040626,3.241543254580113
473,2019-07-27 09:55:23,22.656403,114.126093,3.334960769374069,91.77333928358269,0.3695943768168179
473,2019-07-27 09:55:24,22.656402,114.126128,3.704555146190887,96.68163948738992,0.1326608106148068
473,2019-07-27 09:55:25,22.656398,114.126165,3.837215956805694,99.9663935910038,-0.0421962632988353
473,2019-07-27 09:55:26,22.656392,114.126202,3.7950196935068585,98.55894047297365,-0.1927808972951221
473,2019-07-27 09:55:27,22.656387,114.126238,3.6022387962117364,89.99999344861328,-0.2557117729664528
473,2019-07-27 09:55:28,22.656387,114.126272,3.3465270232452835,99.9138770923936,-0.3697645610907814
473,2019-07-27 09:55:29,22.656382,114.126303,2.976762462154502,111.31093392906428,-0.5701352414397598
473,2019-07-27 09:55:30,22.656373,114.126328,2.4066272207147423,108.89074673255128,-0.9516831790641792
473,2019-07-27 09:55:31,22.656367000000003,114.126347,1.4549440416505632,105.15790791238784,-1.3850236408563703
473,2019-07-27 09:55:32,22.656365,114.126355,0.0699204007941928,50.89868568909202,0.0007084265860035
473,2019-07-27 09:56:17,22.65638,114.126375,0.1017995971643526,109.12443423974116,3.031548346879054
473,2019-07-27 09:56:18,22.656372,114.1264,3.1333479440434067,127.74040729037552,0.5617702972849088
473,2019-07-27 09:56:19,22.656352,114.126428,3.695118241328316,137.29818652890975,0.2296278473304367
473,2019-07-27 09:56:20,22.656327,114.126453,3.924746088658752,155.23063872017997,0.1730027238510638
473,2019-07-27 09:56:21,22.656293,114.12647,4.097748812509816,168.41081166181755,0.37954289627418
473,2019-07-27 09:56:22,22.656257,114.126478,4.477291708783996,177.59802534248013,0.2487711827322911
473,2019-07-27 09:56:23,22.656213,114.12648,4.726062891516287,183.86299721880224,0.0687886434875659
473,2019-07-27 09:56:24,22.656172,114.126477,4.794851535003853,184.6894520747372,0.437602503987895
473,2019-07-27 09:56:25,22.656127,114.126473,5.232454038991748,181.07894334657612,0.3272922931155975
473,2019-07-27 09:56:26,22.656078,114.126472,5.559746332107346,178.963358350647,0.2782127794126925
473,2019-07-27 09:56:27,22.656027,114.126473,5.837959111520038,180.0,0.222381579897795
473,2019-07-27 09:56:28,22.655973,114.126473,6.060340691417833,180.9612649938228,0.3335734485966162
473,2019-07-27 09:56:29,22.655918,114.126472,6.3939141400144495,180.0,0.1667871569185486
473,2019-07-27 09:56:30,22.655858,114.126472,6.560701296932998,179.0884462076233,-0.1667871563968006
473,2019-07-27 09:56:31,22.6558,114.126473,6.393914140536197,180.0,0.1665865316157182
473,2019-07-27 09:56:32,22.655743,114.126473,6.560500672151916,180.0,0.4464705126876236
473,2019-07-27 09:56:33,22.655682,114.126473,7.006971184839539,182.4388944069561,0.7253329885562154
473,2019-07-27 09:56:34,22.655617000000003,114.12647,7.732304173395755,181.42874917504648,0.4419722472423055
473,2019-07-27 09:56:35,22.655543,114.126468,8.17427642063806,180.7242724734414,0.0541481512344734
473,2019-07-27 09:56:36,22.65547,114.126467,8.228424571872534,179.29503909819778,-0.1667923900958428
473,2019-07-27 09:56:37,22.655395,114.126468,8.061632181776691,180.7553099979282,-0.2737609159605458
473,2019-07-27 09:56:38,22.655325,114.126467,7.787871265816145,183.01862056003216,0.1111354358529599
473,2019-07-27 09:56:39,22.655255,114.126463,7.899006701669105,180.73433223585155,0.0064960046467952
473,2019-07-27 09:56:40,22.655183,114.12646200000002,7.9055027063159,185.272550753894,0.0530426017487979
473,2019-07-27 09:56:41,22.655113,114.126455,7.958545308064698,180.0,0.1135294861947446
473,2019-07-27 09:56:42,22.65504,114.126455,8.072074794259443,174.14547201277196,-0.3170374232636943
473,2019-07-27 09:56:43,22.654968,114.126463,7.755037370995748,168.92416347982157,-0.7508330744763532
473,2019-07-27 09:56:44,22.654902,114.126477,7.004204296519395,177.313413951857,-0.7720061727798013
473,2019-07-27 09:56:45,22.654843,114.12648,6.232198123739594,178.00552414741958,-0.1156163294904715
473,2019-07-27 09:56:46,22.65479,114.126482,6.1165817942491225,180.0,0.4489327400982192
473,2019-07-27 09:56:47,22.654733,114.126482,6.565514534347342,175.6742203235916,-0.1666616929929842
473,2019-07-27 09:56:48,22.654672,114.126487,6.3988528413543575,180.0,-0.8794204565428094
473,2019-07-27 09:56:49,22.654618,114.126487,5.519432384811548,170.6829912217986,-0.1334394252935169
473,2019-07-27 09:56:50,22.654573000000006,114.126495,5.385992959518031,150.67571874221682,0.5543513665730826
473,2019-07-27 09:56:51,22.654527,114.126523,5.940344326091114,150.3421796391841,0.5963239555488009
473,2019-07-27 09:56:52,22.65448,114.126552,6.536668281639915,146.50889490305894,0.5997517138233261
473,2019-07-27 09:56:53,22.654427,114.12659,7.136419995463241,140.28831110354088,-0.0709299341916969
473,2019-07-27 09:56:54,22.654377,114.126635,7.065490061271544,132.30934468439636,0.1896885596805715
473,2019-07-27 09:56:55,22.654335,114.126685,7.255178620952115,125.84446058367904,0.5413951848521714
473,2019-07-27 09:56:56,22.654295,114.126745,7.796573805804287,120.89665058026252,0.2830055506694338
473,2019-07-27 09:56:57,22.654258,114.12681200000002,8.07957935647372,116.73196544195685,0.0506418637700072
473,2019-07-27 09:56:58,22.654225,114.126883,8.130221220243728,114.29924491341524,-0.2791098105542451
473,2019-07-27 09:56:59,22.654195,114.126955,7.851111409689483,113.27999734819974,-0.4201461920352178
473,2019-07-27 09:57:00,22.654168,114.127023,7.430965217654265,115.36452455784922,-0.6697578032897695
473,2019-07-27 09:57:01,22.65414,114.12708700000002,6.761207414364495,125.57151791772748,-0.9078348288669736
473,2019-07-27 09:57:02,22.654107,114.127137,5.853372585497522,134.11394514181518,-0.7220696171328944
473,2019-07-27 09:57:03,22.654073,114.127175,5.131302968364627,135.50907464452666,-0.3748077607638116
473,2019-07-27 09:57:04,22.654042,114.127208,4.756495207600816,135.45126046951532,-0.1556427532802979
473,2019-07-27 09:57:05,22.654012,114.12724,4.600852454320518,127.73992865549138,-0.4634075953767249
473,2019-07-27 09:57:06,22.653987,114.127275,4.137444858943793,116.22238513957257,-0.4020480692001236
473,2019-07-27 09:57:07,22.653972,114.127308,3.735396789743669,105.5699878433611,-0.1599582292771924
473,2019-07-27 09:57:08,22.653963,114.127343,3.575438560466477,89.99999345453682,-0.228852969795366
473,2019-07-27 09:57:09,22.653963,114.127377,3.346585590671111,80.08628220512298,-0.0340156745247219
473,2019-07-27 09:57:10,22.653968,114.127408,3.312569916146389,57.57566265523866,0.3493238114236323
473,2019-07-27 09:57:11,22.653985,114.127437,3.661893727570021,32.86218647474442,0.4396895345579601
473,2019-07-27 09:57:12,22.654015,114.127458,4.101583262127981,13.650278314750436,0.5136501473877964
473,2019-07-27 09:57:13,22.654053,114.127468,4.615233409515778,4.79560955577341,0.3395865577261618
473,2019-07-27 09:57:14,22.654097,114.127472,4.95481996724194,1.1748401736665528,-0.055522050964206
473,2019-07-27 09:57:15,22.654142,114.127473,4.8992979162777335,4.906593913092195,-0.3938712735745131
473,2019-07-27 09:57:16,22.654185,114.127477,4.50542664270322,14.004847545815151,-0.3019208306633345
473,2019-07-27 09:57:17,22.654222,114.12748700000002,4.203505812039886,21.57906328464503,-0.1465743767905598
473,2019-07-27 09:57:18,22.654257,114.127502,4.056931435249326,47.917835760002845,0.3276652756483704
473,2019-07-27 09:57:19,22.654282,114.127532,4.384596710897696,68.04061140287371,0.614876081441091
473,2019-07-27 09:57:20,22.654298,114.127575,4.999472792338787,85.2351597253645,0.1325194604192328
473,2019-07-27 09:57:21,22.654302,114.127627,5.13199225275802,92.58515118451987,0.0288302324578806
473,2019-07-27 09:57:22,22.6543,114.127675,5.160822485215901,99.46464086119296,0.3319441305083028
473,2019-07-27 09:57:23,22.654292,114.127727,5.492766615724204,115.49114684811224,0.1743826452327708
473,2019-07-27 09:57:24,22.65427,114.127777,5.667149260956975,125.84445158466622,0.0683249397482388
473,2019-07-27 09:57:25,22.65424,114.127822,5.735474200705213,135.06677692531036,-0.1304840133659572
473,2019-07-27 09:57:26,22.654203,114.127862,5.604990187339256,141.29063701826237,-0.25348202431549
473,2019-07-27 09:57:27,22.654165,114.127895,5.351508163023766,151.21940949185336,-0.0918636678286581
473,2019-07-27 09:57:28,22.654123,114.12792,5.259644495195108,156.76948028011714,-0.4236544349636917
473,2019-07-27 09:57:29,22.65408,114.12794,4.835990060231416,157.0225239410421,-0.8005686279304056
473,2019-07-27 09:57:30,22.654043,114.127957,4.0354214323010105,149.32107559644578,-0.4728055285440073
473,2019-07-27 09:57:31,22.654015,114.127975,3.562615903757003,127.73993109383582,0.1662341462769951
473,2019-07-27 09:57:32,22.653995,114.128003,3.7288500500339983,106.32348137617964,0.4596528205061223
473,2019-07-27 09:57:33,22.653985,114.12803999999998,4.188502870540121,97.18143099109052,0.3433424241177523
473,2019-07-27 09:57:34,22.65398,114.128083,4.531845294657873,92.75723166808751,-0.0680498145400569
473,2019-07-27 09:57:35,22.653978,114.128128,4.463795480117816,87.04614302751247,-0.5757397562431921
473,2019-07-27 09:57:36,22.65398,114.12817,3.888055723874624,75.28142603154015,-0.6706274365775786
473,2019-07-27 09:57:37,22.653988,114.128203,3.217428287297045,58.7498908827526,-0.6075218603110613
473,2019-07-27 09:57:38,22.654002,114.128228,2.609906426985984,42.70229048016006,0.0792808172444052
473,2019-07-27 09:57:39,22.654017,114.128243,2.689187244230389,16.52190971816617,1.126097160999579
473,2019-07-27 09:57:40,22.654045,114.128252,3.815284405229968,1.3216465821545853,1.1950592820297512
473,2019-07-27 09:57:41,22.654085,114.128253,5.010343687259719,353.68072204989903,0.3913895882761071
473,2019-07-27 09:57:42,22.654135,114.128247,5.401733275535826,0.0,-0.6734428282308587
473,2019-07-27 09:57:43,22.654182,114.128247,4.728290447304968,4.166994564806544,-1.1053611381870452
473,2019-07-27 09:57:44,22.65422,114.12825,3.6229293091179215,3.910596110591257,-1.230037107377758
473,2019-07-27 09:57:45,22.654247,114.128252,2.3928922017401644,347.00852580905826,-1.1713530714911415
473,2019-07-27 09:57:46,22.654263,114.128248,1.2215391302490228,331.02637272679647,-1.2115416207024725
473,2019-07-27 09:57:47,22.654268,114.128245,0.0099975095465504,28.973623401080204,1.0355953883743252e-05
473,2019-07-27 10:02:39,22.654288,114.128257,0.0130214480806034,335.23032333470854,1.6394895686364386
473,2019-07-27 10:02:40,22.654302,114.12825,1.652511016717042,312.08216850418046,-0.0061797330544439
473,2019-07-27 10:02:41,22.654312,114.12823799999998,1.646331283662598,293.4339374515976,0.3970351876461382
473,2019-07-27 10:02:42,22.654318,114.128223,2.0433664713087363,283.2553010328811,0.5880594061619626
473,2019-07-27 10:02:43,22.654323,114.1282,2.631425877470699,270.00000539510535,0.3573861787690329
473,2019-07-27 10:02:44,22.654323,114.128172,2.988812056239732,259.76269028872184,0.4488897893230947
473,2019-07-27 10:02:45,22.654318,114.128142,3.4377018455628265,252.7974073702622,0.3620591317617014
473,2019-07-27 10:02:46,22.654308,114.128107,3.799760977324528,260.0337551062976,0.1376612196624926
473,2019-07-27 10:02:47,22.654302,114.12807,3.9374221969870207,255.6060870112679,0.0250421933840754
473,2019-07-27 10:02:48,22.654293,114.128032,3.962464390371096,256.8138539514396,0.1873234864212447
473,2019-07-27 10:02:49,22.654285,114.127995,4.149787876792341,258.33787449965826,0.2123912019709202
473,2019-07-27 10:02:50,22.654277,114.127953,4.362179078763261,256.6200251789276,0.1004522647447041
473,2019-07-27 10:02:51,22.654268,114.127912,4.462631343507965,265.8681215713785,0.1634384016326482
473,2019-07-27 10:02:52,22.654265,114.127867,4.626069745140613,267.2427626201347,0.0955653781689038
473,2019-07-27 10:02:53,22.654263,114.127822,4.721635123309517,275.26901782680864,0.0251375435876211
473,2019-07-27 10:02:54,22.654267,114.127775,4.746772666897138,276.8654031225082,-0.155306185453198
473,2019-07-27 10:02:55,22.654272,114.12773,4.59146648144394,284.1441106876602,-0.1054520897575574
473,2019-07-27 10:02:56,22.654282,114.127687,4.486014391686383,296.5708016464843,0.1344315768749098
473,2019-07-27 10:02:57,22.6543,114.127648,4.620445968561293,310.1243264112106,0.2970841974629348
473,2019-07-27 10:02:58,22.654328,114.127612,4.917530166024227,324.12136960542045,0.0931184606443062
473,2019-07-27 10:02:59,22.654365,114.127583,5.010648626668534,338.420958222186,0.0884868503588469
473,2019-07-27 10:03:00,22.654407,114.127565,5.099135477027381,348.6560035013699,0.2934228110521246
473,2019-07-27 10:03:01,22.654453,114.127555,5.392558288079505,354.7274259944743,0.1731035354615659
473,2019-07-27 10:03:02,22.654503,114.12755,5.565661823541071,0.0,-0.0049685902984535
473,2019-07-27 10:03:03,22.654553,114.12755,5.560693233242618,2.114041768583093,0.0049685815079882
473,2019-07-27 10:03:04,22.654603,114.127552,5.565661814750606,3.1692650940096314,-0.0056787424914688
473,2019-07-27 10:03:05,22.654653,114.127555,5.559983072259137,357.8859597434213,-0.1660529508286989
473,2019-07-27 10:03:06,22.654703,114.127553,5.393930121430438,0.0,-0.2787061711860099
473,2019-07-27 10:03:07,22.65475,114.127553,5.115223950244428,358.8251653984928,-0.2779725288591175
473,2019-07-27 10:03:08,22.654795,114.127552,4.837251421385311,0.0,-0.2223767402228036
473,2019-07-27 10:03:09,22.654837,114.127552,4.614874681162507,1.289414855676398,-0.1667816946637401
473,2019-07-27 10:03:10,22.654878,114.127553,4.448092986498767,0.0,-0.5562705539352093
473,2019-07-27 10:03:11,22.654917,114.127553,3.8918224325635578,0.0,-0.555974633475981
473,2019-07-27 10:03:12,22.654948,114.127553,3.335847799087577,0.0,-0.2711079595029027
473,2019-07-27 10:03:13,22.654977,114.127553,3.064739839584674,8.080593196006419,-0.1832227399630444
473,2019-07-27 10:03:14,22.655003,114.127557,2.8815170996216297,12.48837296662225,0.0854952279131122
473,2019-07-27 10:03:15,22.655028,114.127563,2.967012327534742,13.455363173008609,-0.2191642438346619
473,2019-07-27 10:03:16,22.655055,114.12757,2.74784808370008,0.0,-0.7690703268416059
473,2019-07-27 10:03:17,22.655077,114.12757,1.978777756858474,333.5765752993863,-0.6821211987600015
473,2019-07-27 10:03:18,22.65509,114.127563,1.2966565580984726,321.6557948430256,-0.212628872710912
473,2019-07-27 10:03:19,22.655097,114.127557,1.0840276853875606,284.2502134484143,0.0163859805577227
473,2019-07-27 10:03:25,22.655112,114.127493,1.182343568733897,270.0000028962126,0.0300309417502684
473,2019-07-27 10:03:26,22.655112,114.127478,1.2123745104841654,235.89190340432464,-0.4201395052648931
473,2019-07-27 10:03:27,22.655107,114.12747,0.7922350052192724,208.9734802571608,-0.7922350052192724
473,2019-07-27 10:03:28,22.655102,114.127467,0.0,208.9734802571608,0.0
